0.893747672
-0.616193971
-1.704031537
0.643530497
-0.005004208
0.332168905
0.536866643
-0.696793925
0.067027904
-1.967736159
-0.377632212
-0.346284951
-1.030631095
0.123300306
-1.467414366
-1.199209197
0.450382046
0.568684501
-0.205713956
0.862773655
0.065699073
-1.919929122
1.505917296
-1.24247749
-1.326038017
0.282205681
0.681643785
-0.931576808
-0.270750852
1.979931067
0.55680887
0.496855694
-1.870135453
-0.556040685
0.954965362
-1.289944994
-1.47474273
-0.621223195
1.102897161
0.580696335
0.044309681
-0.836166615
-0.052298999
-1.064950507
-0.104355524
-1.872590347
-0.44494971
-1.972083871
2.885703573
0.892446087
1.49086317
1.669828044
0.511320857
-0.172550931
1.799671193
-2.751694766
1.46993973
-0.94549717
0.079400336
-1.075563129
-1.703595799
0.469043954
2.399099454
-0.328974281
1.401135825
2.463008959
-0.640932672
-0.5318741
-0.591734586
0.589351866
0.675090495
0.887676221
-0.144897989
1.139579522
0
0
0.906749032
0.196683194
-1.225815253
-0.809363368
1.735114307
-0.666097982
0.491082363
0
0.644123029
0.391509385
0.770179856
-0.876973399
-1.762859658
1.048273842
-0.284871262
-0.405686423
0.239324773
0.930235007
-0.004358592
-2.05890699
-0.179378461
-0.179047144
0.57922455
-0.647173393
0.083767814
0.690391254
0.688811482
-0.191272507
1.120495738
1.176146656
-0.538153373
0.756694164
-0.571424074
1.235246796
-0.456478887
0.634969611
0.519771982
0.560999169
-0.690188813
1.293417852
0.291432077
0.232876125
-0.75627538
-0.108873481
-0.710933591
0.419802799
-0.250715573
0.571870737
-0.222457959
-0.054983886
-1.009945435
1.284975375
0.011790267
-0.03095628
1.232564328
0.150763197
-0.287016653
-0.692933734
0.746233108
0.898780003
-0.145773508
0.037835392
-0.7364343
0.467279974
-1.040600487
0.409631073
-0.179288712
0.914748648
-0.231350384
0.780572304
0.131318245
0.011526887
0.738775967
-0.614076013
-0.42616305
0.419469209
-0.799264827
-0.566804252
0.004561828
0.095557817
0.544451025
0.220074777
0.682173527
-0.110452921
0.790993177
-0.033446529
-0.040914102
0.78961456
-0.200466878
-0.603290607
-0.557082812
0.345506587
0.119410435
-0.100711425
1.066616549
-0.048914578
0.966903189
0.251215713
-0.727702815
0.405227195
-0.565748657
-0.700730826
0.366574861
-0.721783324
0.102014305
0.594192193
-0.045344527
0.617451395
-0.402485306
-1.511763157
-0.57233959
-1.340542244
0.247865547
-0.01854419
-0.0192055
-0.879157961
0.963363939
-0.699333309
1.847037214
-0.179346385
-0.631215557
0.508850937
1.093430329
-0.133040129
0.831980623
-0.003191302
0.396498206
0.086758072
-0.747473218
0.523663852
0.252447636
-1.099264709
0.081293429
-0.556172097
0.80334189
0.85381848
0.343585478
0.290205964
0.194418338
1.038883576
-0.03237103
-0.279578318
0.189183054
0.561965368
-0.419022897
-0.19019014
0.21452822
0.19940545
0.365331408
-1.428336671
-0.097734965
-0.166037551
-0.169778439
0.050228218
1.116380508
-0.045695324
-0.235399391
0.372805247
0.011131386
0.863779285
-0.135915275
0.750505438
-0.009862128
-0.37202104
-0.39964412
0.44992074
-0.286166042
0.428995234
0.014403378
0.172244844
-0.106477642
-0.207307312
0.262317827
0.307891834
-0.239954657
0.294730224
0
0
0
0.545966908
0.136466524
0
0
0.580325624
0.187642425
-0.004950243
-0.335344178
0.442723807
-0.315152168
-0.219747105
0.003369097
0.636396017
0.144765674
0.455407652
0.297686644
-0.352964002
0.333237556
0.019097017
0.125390808
-0.242833918
0.060336937
0.165861895
-0.574401332
-0.395294746
0.138885466
-0.150550685
-0.313024581
-0.14665193
0.325461855
0.575728748
0.125160809
0.119849688
-0.005373491
-0.686074975
0.143313125
0.270161233
-0.005514043
0.487084837
-0.720908344
-0.049499184
-0.83293072
0.042631418
0.135338125
0.112010147
0.390258067
0.489006319
-0.30440979
0.657158774
-0.080340022
0.208429075
-0.616517215
-0.457676308
-1.52708376
0.115844066
-1.176232013
0.132112589
0.837427823
-0.779974546
-0.094054066
-1.034754668
-0.004774994
-0.032040979
0.989276808
0.118440144
0.664343847
-0.080751696
-0.194824272
0.760720568
0.906130441
0.442050284
-0.277534974
-0.234360257
0.134059508
0
0
0.621939214
-0.630163771
-0.088404047
0.317351319
-0.096030312
0.387345424
-0.375694071
0.354514922
0.473203745
0.234419162
0.086964818
-0.72413751
-0.611329604
-0.257509504
0.243857487
-0.183526397
0.339834178
-1.233609014
-0.153795749
-1.255768391
0.742154797
-0.838309232
0.556390333
-0.24857465
-0.560067414
0.401504225
0.941239683
-0.371019875
-0.08469446
0.406113378
-0.448862975
0.445269756
0.511390403
-0.117907825
0.207485799
-0.638490362
0.270353388
0.320155914
0.494435669
0.608259727
0.012320779
-0.229588485
0.258647352
-0.076523873
-0.718931259
0.423027223
0.173271474
-0.193317277
0.155873557
-0.113940463
-0.668318879
0.184341929
0.676674546
0.068227415
0.601800887
0.004055296
-0.181792634
-0.190197955
-0.391926645
-0.03302909
-0.556233747
-0.157715687
0.043070202
-0.110411522
-0.347205003
0.118528281
-0.056104653
-0.579177784
-0.014225985
-0.377671452
0.283504463
0.448986095
-0.864598394
-0.042524212
-0.514722343
0.705868118
-0.078296559
0.930704132
0.066159816
-0.368336808
0.163954143
-0.604329114
0.06004148
-1.164315516
-0.438041008
0.355244702
-0.48984873
-0.246240283
-0.132218816
0.616267359
0.077652731
0.242735219
-0.040925587
-0.121253958
0.690847274
-0.013127046
0.205431827
0.494638199
0.213658489
-0.139267481
-0.611116397
0.370271844
0.179710588
0.37832459
0.23062902
0.016307083
-0.054529855
-0.369878318
0.390782072
0.7454722
-0.06112288
-0.066056592
0.240622195
0.266747436
-0.113293092
0.145406247
-0.532872603
-0.406074422
0.051564405
-0.400898472
0.088464273
0.424021342
-0.305270158
1.123918745
0.414593757
0.165829752
0.010189205
-0.067615199
-0.2998454
0.024651987
-0.558520747
0.104438378
-0.390272928
-0.202715352
-0.076914554
0.53972641
-0.57046381
0.239772901
0.011920857
-0.900227841
0.08835969
0.744383856
0.33648739
0.007238388
0.570759546
0.268986674
0.015808932
0.025153374
0.237912627
0.057567371
-0.038868299
0.253511281
0.440430201
0.131640117
-0.094543159
-0.180211553
0.692635645
-0.049131572
-0.457515393
-0.114741013
-0.111877412
0.125776049
0.36743315
-0.063514891
-0.076277852
-0.220271722
0.627311283
0.313946819
-0.077629282
-0.154640543
0.193317889
-0.116342267
-0.529786183
0.251866632
0.462456263
0.123958824
-0.181123646
0.205852494
-0.530903979
0.302989438
0.029276173
0.27622218
0.105749677
0
-0.166411065
0.270171532
-0.143309746
0.085083408
0
0.360237017
-0.010424651
-0.327777111
0.43332488
0.155829987
-0.090950492
-0.50055019
-0.504632452
0.034244498
0.207980371
0.134726695
0.053160855
-0.052751677
-0.257725849
-0.069308927
-0.121893324
0.330104604
-0.203882671
0.023593639
-0.150642435
0.54478438
0.255647076
0.165488543
-0.148546127
0.580752564
0.270087047
0.050100928
-0.181592219
-0.111281292
0.455600447
-0.013859093
0.154476509
-0.329381669
0.009045265
-0.101594054
-0.061110609
-0.301625539
-0.126256235
-0.064224548
0.445193222
0.018471843
0.329472498
0.097081152
-0.199742028
0.496170423
0.044844406
-0.310936175
-0.206946383
-0.378010364
0.227778483
0.067773079
0.202291048
-0.784835552
0.068580539
0.113157516
-0.310429659
0.24524432
-0.035093937
0.264765607
0
0
0.082808498
-0.043632086
0.012485051
0.246567081
-0.320330833
0.211758896
0.16464061
0.102423553
0.110275739
-0.04532145
-0.237450167
0.332186202
-0.035896428
-0.895104025
-1.122721244
0.024900045
-0.269284029
0.156448102
0.302783541
0.245297559
-0.135193516
-0.461380159
-0.113360354
0.070002785
0.404710768
0.220697117
0.191990555
0.356612083
0.116510388
-0.18828693
-0.419681203
-0.0712638
0.233598387
0.087949397
-0.137543894
-0.106202358
0.73761807
0.358237898
0.002589503
0.458390517
-0.101721642
-0.070189582
0.463126395
0.079315534
0.34762663
-0.19234956
0.643060211
0.04793887
-0.209209607
-0.12660995
0.658886215
-0.083019281
0.052000828
0.221684653
0.123971962
-0.071068018
-0.411199923
0.299259018
0.233592893
-0.167359481
0.200735275
0.108153511
0.074017773
-0.576299051
-0.40762436
0.321754933
0.248668761
0.025101237
0.290589339
0.059594901
-0.186010974
0.111551609
-0.810235595
0.645067493
0.613467246
-0.096495318
0.249979256
0.179475327
0.125782639
0.061420703
0.46651098
0.126901725
0.409888259
0.06316672
0.05204571
0.007084161
0.106213426
0.331029265
-0.053293122
0.038644032
0.371532687
-0.085924855
-0.434955066
-0.419737761
0.095980295
0.638219875
0.711465642
-0.320028595
-0.145771017
-0.13205471
-0.341284857
-0.109961892
-0.180369468
0.698354472
0.103650704
-0.2109934
-0.01581069
-0.532788463
-0.650655794
0.257426422
-0.18558462
0.342782338
0.118983265
-0.046028064
0.642295451
0.513430122
0.173257051
0.040118621
0.114495205
-0.138596743
-0.773612962
0.082229214
-0.045919408
0.707004997
-0.528995474
0.322615549
-0.77378056
-0.234113877
0.299628809
1.016078671
-0.281393389
0.718678531
-0.23780806
0.198048454
0.325523277
0.475514776
-0.583751656
-0.449080105
-0.082309872
0.130064682
0.08353107
-0.439665862
-0.277233258
0.223062731
0.028532999
-0.276958555
-0.897609477
0.163427016
-0.231411809
0.565293201
-0.25609638
0.24723556
-0.847780859
0.176663506
0.921006606
-0.057484971
0.283862234
0.489564429
-0.136804368
0.251056012
-0.133062722
0.022104346
0.036122883
0.646320568
0.014329801
0.154767247
-0.248422914
0.155782056
0.202040872
0.397504124
0.034507365
0.178897351
-0.067753576
0.052622748
-0.148075162
0.191614297
-0.050813841
0.607443807
0.340388432
-0.337832161
0.279374062
-0.280281109
0.164607003
-0.037968841
0.156592299
0.074241259
-0.192782569
0.074361998
0.471757116
-0.028239302
0.052082342
0.32817087
0.008448127
0.166775119
0
0.206196413
0.018421248
0.091034488
-0.402211766
0.333734656
0.085181876
0.497706615
-0.055780914
0.155520015
0.006196682
-0.333837512
0.300725989
0.072467263
-0.465133418
0.249179212
-0.431179752
-0.516481819
0.282645717
-0.659278634
-0.002435811
-0.117242694
0.748958707
0.964065712
0.764240665
0.096864557
0.108207938
0.399072775
-0.587384001
0.057769096
0.074096128
0.047030669
-0.049866392
0.588224065
-0.320339239
0.41588398
0.053307888
0.00730871
0.187045505
0.046710711
-0.011466838
0.053111702
0.454439919
-0.030978845
0.095607499
0.32692164
-0.883438822
0.525584419
-0.619722919
-0.468312296
0.246752011
-0.111697313
-0.501707066
0.448250771
0.547338885
0.374252832
0.116443631
0.203690764
-0.005080643
-0.113622839
0.150425649
0.066680803
0.149969664
0.108213392
0.189672252
-0.444916945
-0.159177967
0.177685085
0.506677837
-0.102522329
0.39084171
-0.073597634
0.110709893
0.015772113
-0.56873654
0.366723469
-0.692224613
-0.053102132
0.127277502
0
0
-0.11749065
0.665746714
0.500827516
0.224827178
-0.111732294
-0.00207183
0.201859882
-0.280949043
-0.416044007
0
0.29814433
-0.594929787
0.508937324
0.528695639
0.104234103
0.090195598
-0.158284857
-0.454238259
-1.004534435
-0.437127117
-0.037906814
-1.504090658
0.102446181
0.047572513
-0.975900204
1.023420663
-0.703631572
0.913978442
0.621919969
-0.250869646
-1.012278012
0.540644657
0.11222647
-0.156648549
-0.50580179
-0.924374716
0.323322022
-1.277076873
0.647007994
-0.54813278
-0.840439682
0.113510251
0.941070743
-0.371706669
0.507735563
0.432040141
0.07740437
0.236176683
-0.028892355
-0.118833283
-0.439135159
-0.018141986
0.982054888
0.783718906
0.223931207
0.123892267
-0.790841527
0.535840358
-0.103980439
0.186635822
-0.692593007
0.168101356
-0.859895465
-0.833511671
-0.04215059
-0.161528122
1.131375503
0.051166715
-0.748879088
1.000542408
-0.095792756
0.135093138
0.586965933
0.354255419
-0.17886838
-0.656380442
0.647589667
-0.312961457
0.634460842
-0.737457762
0.194456115
0.389289647
-0.550646017
-0.019980278
0.488225189
0.642244057
0.270850829
0.153410641
-0.12293897
-0.165985718
0.176362117
-0.321172496
0.288840722
-0.019500301
0.324015743
-0.059157829
0.152073941
-0.058957195
0.12559498
0.244520806
-0.1889074
-0.527302509
-0.29490869
0.161720635
0.023974055
0.561018621
0.237941489
0.009190647
0.223651205
-0.084485425
-0.389181552
0.594253182
0.055760976
-0.577168624
0.135171502
0.43179785
0.211363166
-0.003988055
0.109863781
-0.035239108
-0.052441233
0.390696997
0.207157892
0.075280443
-0.010134544
0.237112846
0.012350454
0.288806172
0.094366259
0.09037103
-0.504426184
0.478022997
-0.037666358
0.17820487
0.27978955
0.032058106
0.120787454
0.133377765
-0.149879449
-0.030176852
0.07439834
0.158908389
-0.475898096
0.124178994
0.618368297
0.214263068
-0.086782256
0.064385806
-0.006215697
0.244947982
-0.043153845
0.294832696
0.081839839
-0.207158311
0.269867464
0.054216524
0.105682185
-0.005901752
-0.426573614
-0.777642549
-0.113857003
0.56407134
-0.374291599
-0.471037746
0.37483731
0.531868712
-0.022426528
0.295724776
0.097273259
0.282934267
0.045289369
0.298064159
0.211344984
0.239597043
0.055463944
-0.288897534
0.220776306
-0.085467228
-0.470462144
0
0
0.700411621
0.019381298
-0.097914751
0
0.550870477
0.066187746
-0.109956913
-0.532322639
0.095408305
0.044539794
-0.315056832
0.791288973
0.115898665
0.171754063
-0.096362381
-0.097872721
-0.078353422
0.372020405
-0.387019665
-0.054456425
0.449199432
-0.185675729
-0.189393983
0.23093197
0.399904006
0.005629662
0.39588714
0.218016475
-0.073856296
0.010360078
0.251043433
-0.244538061
0.216583239
-0.325851065
0.226639074
0.412717824
-0.01597428
-0.009674784
0.18693427
-0.02592712
-0.257310636
0.200179064
0.11723148
0.216897248
-1.304432994
-0.668761305
-0.489069672
-0.242143258
-0.45453293
0.399778528
0.149555683
0.622116997
0.021278563
-0.006660557
-0.59580386
-1.171484582
0.918195335
-0.036946243
0.600031835
0.187596852
0.076222994
0.927578597
0.265830593
-0.44442566
0.187334597
-0.263272521
0.507897734
0.125439582
0.126267804
0.67331804
0.174401236
0.159331347
0
0
0.406456365
-0.083950382
-0.060029326
0.41823232
0.752132515
0.063694253
-0.394724945
-0.2368656
0.594402557
-0.04094952
-0.388329935
0.432473314
0.259101515
-0.052356041
0.180626004
0
0.274984751
0.120755222
0.232130981
0.051564076
-0.484498782
0.196737481
-0.353822885
0.373279313
-0.11471536
0.26548272
-0.139678193
0.105814171
0.621193507
0.067139915
0.227853977
0.431554085
-0.216679719
0.235314295
0
0.234157785
-0.089786573
0.655394809
0.573617061
-0.060174207
-0.311229929
-1.053355645
-0.630656064
-0.160535781
0.656425583
-0.15718264
0.014138092
0.941898702
0.992697567
0.029625561
-0.014053403
0.30689462
-0.680485793
-0.082305176
-0.104032244
-0.385531626
-0.328819485
0.663666882
0.468743375
-0.267015254
0.501553235
0.132394969
-0.476576111
0.331448239
0.156581686
-0.609835854
-0.3625872
0.843406632
0.211630956
0.069279251
-0.36306422
-0.788368266
0.533687821
-0.637025348
0.380842582
-0.757821878
-0.640216939
-1.049053689
-0.332559429
0.026975917
0.738238555
-0.635731532
0.348408362
-0.571300235
0.051251011
0.401892159
0.530135618
-0.878739531
-0.647659444
0.768336314
-0.287171619
0.121664693
-1.037860676
0.641712846
0.171769807
0.100841601
0.440722232
0.066420937
-0.027123111
-0.123279297
-0.324640075
0.052222523
0.468930834
0.677494462
0.059149345
0.413604809
-0.758782238
0.192395076
-1.067681574
-0.358823993
0.482862146
0.087784532
0.36447598
-0.220878464
-0.10374876
0.550178819
0.995409502
-0.088340067
0.33189899
-0.036287944
-0.103176449
0.193589101
0.275367645
0.042668656
0.335189122
0.133387419
0.046482524
-0.056320693
0.31149612
-0.151193365
0.033045428
0.033346573
0.25547669
0.040903511
-0.389466437
-0.03723589
0.124013808
-0.349527527
-0.204871821
-0.494044918
0.265780977
-0.076651226
0.570272168
0.091498902
0.329283858
-0.172385766
0.224136234
-0.755906666
-0.173162093
-0.232666636
0.109110201
-0.153243193
0.110387354
-0.039284643
-0.030919269
-0.16319085
0.030979829
-0.652600586
-0.311354921
-0.575976853
0.678833774
-0.641559963
0.251583314
0.268288493
-0.2380906
-0.207156425
1.095031685
0.232893895
0.585134027
-0.183917219
-0.157216873
0.748924302
-0.022910341
0.291572129
0.212928266
-0.129616159
0.360169543
-0.802214044
0.109690621
-0.676876318
0.140182875
-0.074301518
0.176245189
0.73048772
0
0
0
0.194551015
0.154886535
0
0
-0.64107773
-0.222933021
-0.551099463
0.04713747
0.181954684
-0.373825547
-0.390244909
0.027356176
0.079100801
-0.940482001
-0.547627907
-0.338682031
-0.585999911
-3.228312355
-0.132725875
-2.17220791
2.501991759
-0.027577671
0.013440729
0.469462127
-0.11109468
-0.149330301
0.734839061
0.197854049
-1.484458961
0.524882521
-0.727762147
0.215909234
-0.152620812
1.421023166
0.036322278
-0.070990715
-0.817629427
0.850490302
0.215999917
-0.641114404
0.032529939
-0.624379904
0.483955671
0.647671018
0.073791277
-0.848100592
-0.730018265
-0.37605686
-0.951056682
0.910529291
-0.60458603
-0.512465018
-0.441667049
0.512147786
0.495058329
-0.655170701
-0.326314367
-1.853755185
1.458112177
-0.21907817
-0.282402461
0
0
1.38448225
-0.236603857
0.590265543
-0.120061148
-0.165362077
1.214700128
0.367508201
-0.229497025
0.139371978
0.368552859
-0.313429282
-0.325850972
-0.110242192
-0.657594931
-0.323988066
0.202017168
0.769977581
-0.136473056
1.035749507
-0.36025641
-0.374370566
0.428603103
0.167704504
0.476535485
0.18066945
-0.251508216
0.39856713
0
0.586080871
0.054535965
-0.215956471
0.364550223
-0.026705697
-0.424144207
0.202807569
0.149364416
0.141556845
-0.013429617
0.460604888
0.419064125
-0.650586174
-0.476463092
0.181582604
-0.782684522
0.061185456
0.030092356
0.466686773
0.130637972
0.256308944
-0.542014588
0.064147758
-0.333535389
-0.147395815
-0.872179673
0.075382865
-0.284677807
-0.782060288
0.417634686
0.327337181
-0.228102315
0.425627437
-0.431887519
-0.049983936
-0.932196227
0.072690806
-0.353379573
0.540023268
-1.051063712
-0.254141102
-0.02428488
-0.698337039
-0.072397571
0.331541923
-0.560884864
0.847088896
-0.624703027
0.561574719
-0.557510552
-1.057700157
0.330111168
-0.83842077
0.522917022
0.810133552
0.764553098
0.286128671
0.121165918
0.624404774
-0.638495295
-0.026912788
-0.581157291
0.324616621
0.414204918
0.130493043
-0.560582735
-0.317895793
1.140026418
0.283485775
-0.118640935
0.120361825
0.316408753
-0.1563995
-1.093000383
0.135172764
0.025677103
-0.088619858
-1.027779177
0.24382152
-0.559291474
0.72820392
-0.31247531
0.299463192
-0.133702527
0.678370445
0.01190326
-0.003381276
0.64888953
-0.340990523
-1.280585989
-1.065083867
0.955465508
-0.210802903
-0.161171467
-0.22028121
0.391762917
-1.205814435
-0.714782639
-0.765258564
0.018076465
2.350666821
-0.577641988
-0.279774915
-0.112215674
0.853704109
-0.777500567
-1.876557287
0.178672198
-0.184281591
-1.103694642
1.034077918
-3.185776614
-0.4895251
-2.630111658
-1.110907513
-3.157438897
4.689279682
1.157494177
-2.915378537
-2.187585921
1.4642675
0.484865759
-0.456898721
-1.981051744
-0.4908263
-2.20786982
0.392212354
4.640474664
-0.13310005
0.543975199
1.045730029
0.337122946
2.1177615
-0.924514252
-3.07602429
1.112424866
0.759032939
-2.343078449
-1.303391382
0.269094862
0.563491604
-1.433827667
0.211045876
-2.191781655
-1.356436861
-0.96554211
4.27468837
0.058034588
0.000761843
0.986432331
0.038801593
-2.632667166
1.333164911
0.338405682
-0.028631238
-1.774767878
3.194290311
0.578428119
0.233551908
-0.341917339
-0.956349791
-0.079698286
0.694998548
-0.198137087
0.440686418
-0.548554977
-0.536657579
-0.090341382
0
0
0
0.702387383
0.961642909
0
0
1.446143834
0.095258995
0.367210812
-0.774480052
-0.509265748
-0.86306274
-0.587415216
-0.767555649
-2.057836519
-0.849072687
0.294919833
-0.501605944
-0.774503106
0.217633027
-0.427406531
-0.418662138
1.510771138
-0.034641984
1.918800409
-0.879703057
-0.889381462
-0.679094737
1.044044786
1.154203282
0.170760484
1.272739869
0.206992741
-1.527420071
0.23599806
-1.190859724
0.057407359
-0.462491789
-1.518498433
-0.120053553
0.105734697
-2.117044493
-0.854403145
-0.451366015
-0.555808666
1.075192797
-1.103091741
-1.537189947
-0.227100549
2.294343556
-2.238250243
-0.343100265
0.302419252
2.234708475
0.301961108
0.464851702
-0.028770606
0.987640683
-0.613903305
0.093015465
0.50928947
0.270678732
1.133902893
0.114133266
0.371060397
0.369446362
-0.572915011
-2.272714121
1.027746827
0.48960094
2.56018904
0.030416284
-0.349831994
-0.273528541
0.354425153
1.307540583
0
0
0.632532231
-0.068862977
0.565869877
0.630246185
-1.806420086
0.148148481
0.88608974
-0.534610536
1.283385206
0.183112119
-0.809175853
0.906120854
0.594928855
0
1.194487273
-0.4400197
0.247002769
-0.687096479
0.981427525
-0.417299891
-0.11437015
-1.146797113
0.099649277
-0.008891241
1.036798887
0.953119081
0.689078447
-1.208372803
0.159929061
-0.002648891
0.588917086
0.131944888
-0.593632984
0.069848161
1.738033515
0.012665807
-0.762524699
0.088152197
0.104742913
-0.62299447
-0.059569843
0.460875847
0.479512247
-0.324511434
-1.563932279
0.006926929
-0.81333718
0.337975468
0.017772211
-1.33093356
0.127046894
1.17291523
-0.319528812
-0.218484773
0.976551493
-0.685030458
0.865570336
-1.687492911
-0.094721356
-0.523292385
-0.503598894
-0.241895175
0.541959611
-0.507212101
1.364181633
0.542416481
1.312805661
0.252609122
0.185422304
0.449114801
0.547544695
0.234588198
1.053197427
-0.14856986
0.183896416
-0.63989708
0.794845128
0.738127773
-0.231671929
0.764627402
-0.078737866
-0.516238434
0.137461352
0.713724385
-0.326129255
-1.073707128
0.524953962
0.412193444
-0.746129867
-0.888393655
0.408272686
-0.155443877
0.651513258
1.222932294
0.450887746
0.292802232
-0.275338761
-0.408051673
0.371700872
-0.417136232
-1.105283355
-0.060776837
-0.150635845
0.674752315
0.6332007
0.144589845
0.726958087
0.159501583
0.226461898
-0.029199489
0.067484404
0.546495955
0.234635237
-0.207444442
-0.268692996
0.310930623
-0.055792815
-0.743913308
-0.184796199
1.188868716
-0.172886136
-0.292564184
-0.932922964
-0.682831713
0.324038382
1.157436234
-0.129845744
0.579639463
-0.035417186
0.539138977
-0.520666755
1.049930718
-0.173719362
-0.655760294
0.817756707
-0.303745592
0.16200389
-0.528511331
-0.171253716
-0.748540956
-0.054993589
-1.082740284
0.714559086
-1.361839695
0.127015584
-0.623977038
0.731082605
0.291699875
0.058042295
1.028079151
-0.050416104
0.424614197
-0.033648089
0.175006819
0.891851156
-0.197890078
0.068940176
-0.645833585
-0.298285756
1.048073445
-0.241492404
0.2530192
-1.436850819
0.549150712
-0.458119818
1.147717962
0.038100327
-0.085189496
0.354543374
-0.246299503
-0.728072469
-0.312148515
0.467917953
0.358110099
0.345452026
0.067909945
0.682813281
-0.43615135
-0.098422246
0.733482516
0.110875479
0.085741512
0
0
0.330287855
0.062390801
-0.392751555
0
0
0.657437627
-0.118207138
0.017780383
-0.107873883
0.131473834
0.020783236
-0.70671584
0.146927538
0.187060551
-0.826604134
0.313575107
0.423014961
-0.917603456
-0.783050588
-0.392079948
-0.490406769
0.288703146
-0.197565203
-0.798980884
0.533354631
0.352349251
0.421757526
-0.286713431
-1.076360544
-0.78327012
0.401794835
0.106051781
0.299983389
-0.255220484
-0.0279418
0.084480763
0.633819081
0.434434878
0.245885225
0.317196511
-0.255846677
-0.648963025
0.088565358
-0.648112736
0.5160502
0.883441224
0.47662968
0.309547058
-0.168733783
0.610487154
-0.010715775
0.073700624
0.373442489
-0.059221901
0.120554731
-0.304591312
0.493236235
0.385880521
-0.086378396
-0.216373943
0.036790076
0.215397267
0.156553052
0.670439443
-0.091445375
0.260360267
-0.101694298
0.078410378
0.57497287
0
0
0.115809426
-0.207493297
-0.354466863
0.544521558
0.00687901
-0.138205855
0.33030791
0.090176812
-0.769903223
-0.129901341
0.711499123
-0.235315935
-0.431947779
0.634666727
0.500603965
-1.200160022
-0.53326897
0.430205154
-0.065140949
0.220419761
-1.14208045
-0.351421076
-0.367370063
-1.443652474
2.242261446
0.142656097
1.036141339
0.478322262
-1.378010559
0.073148846
0.63254045
-1.19632904
-0.884915855
-0.286854243
-0.175958685
-1.026697183
0.668704634
1.330412084
0.066076195
0.132361267
0.123174281
-0.000508266
0.52992838
-0.838305836
-0.24883255
-0.268541547
0.851520429
0.518216175
-0.062860018
0.550651807
0.353438544
0.111401206
0.228299467
-0.045801495
0.527619113
-0.165462048
-0.449285206
-0.627763863
-0.319893263
0.615305382
-1.471955987
0.098319454
-0.794119885
-0.172951627
-0.133825887
0.921875828
0.377604185
0.309063497
0.212322329
0.085482407
0.806710879
0.130489219
-0.424489697
-0.777356654
-0.224619793
-0.301845417
0.166267284
1.086604557
0.170704888
0.195845779
0.091751008
-0.198945702
-0.312064841
0.093840997
1.006594726
0.108780139
0.160946203
0.015431023
-0.510059724
0.633447675
-0.449149141
-0.922921677
-0.133583072
-0.175624936
0.001137177
0.675803871
-0.140808327
-0.787610327
-0.503099259
0.04156423
-0.548730626
-0.26377137
0.096182453
0.282532642
-0.283781355
0.093993721
1.147758693
-0.000356923
0.360916837
0.144321348
-0.262921556
0.329196576
0.400287172
-0.047144093
0.326580881
0.095123599
-0.093805827
-0.0848351
-0.278088065
0.589194199
-0.128520659
-0.470675741
-0.165545307
0.790400262
-0.134046835
-0.019371191
-0.202321853
-0.124621897
-0.123442274
-0.542666292
0.574048857
0.381897347
0.03821327
0.106570129
0.122969734
-0.034016192
0.886068402
0.13982568
0.248416784
0.162448365
-0.173219599
0.225969622
0.571725045
-0.033976365
0.218835528
-0.166534792
-0.301791369
0.180009396
0.040083712
0.022954133
0.323941268
-0.238939122
0.760397182
0.125630667
-0.023797487
0.239373572
-0.437074474
0.023066317
0.072285512
0.356819662
-0.819519131
0.239388389
0.847550999
0.072659455
-0.136654652
-0.751611592
0.762750734
0.354068595
-0.194107747
-0.968269999
-0.061511593
1.141556451
0.571643467
-0.061777364
0.041611001
0.295810656
-0.161814557
-0.072963825
0.26119306
0.143696825
-0.012296492
-0.068219134
0.049675126
-0.260139974
0.224265757
0.365945266
-0.061831952
-0.062904658
0
-0.538431725
0.008534615
0.145329095
-0.50755888
0
0.471971177
-0.089501748
-0.221779777
0.25936934
-0.209209095
-0.571185903
0.531975791
0.788675791
0.0388731
0.003621471
0.014482865
0.399376948
-0.370548333
-0.360132924
0.235234466
0.032886686
-0.053861108
0.418428892
0.171675548
-0.321525551
-0.155093524
0.650399489
-0.003627196
0.060474127
0.135804821
0.403811658
0.235598747
-0.01387926
0.114815205
0.182556822
0.149569972
0.020017263
0.083608736
-0.05151819
0.124734078
-0.61838587
-0.020527903
-0.740652241
-0.388666915
0.331706371
0.523593273
-0.293732819
-0.254346841
0.27033691
-0.283764938
-0.102783183
0.017096919
-0.200188556
-0.420441538
-0.504661991
-0.72044737
-1.40748476
-0.883171225
0.943364148
0.049032748
0.977617201
-0.224540472
0.150120417
0.816450366
0.079975635
-0.048355767
-0.026233472
0.761795369
-0.097588353
0.845948667
-0.027107215
-0.000121052
0.24022877
-0.219231244
0.230726463
-0.073236251
-0.618923449
0.456532707
-0.190459464
0.192395543
-0.926031679
0.076940838
1.275939142
0.276498382
0
0
0.361736316
0.285030074
0.410184831
0.227379829
0.076106431
-0.155704567
-0.740278508
0.017841802
0.673483181
-0.476357669
0.530058777
-0.037473709
-0.297108703
-0.237751233
-0.092608965
-0.776366853
0.279664066
0.324054116
-0.542895587
-0.877170451
0.177343038
0.122996006
-0.345673361
0.300409132
-0.019222782
0.801608215
-0.456472031
-0.871015788
0.213792437
-0.149685119
0.114360425
-0.263825078
0.607354967
-0.547912792
0.093516521
0.727289065
-0.54415393
-0.029797054
0.327679126
-0.083981114
0.814116152
-0.043656981
-0.775136303
-0.170786526
-0.082285138
0.380389129
0.742889424
0.486094419
0.253608823
0.137455791
-0.020543953
-0.048188003
0.234594772
-0.401240353
-1.02385955
-0.338346666
0.563730303
-0.318646561
0.03237308
-0.680188455
0.514760415
0.172886072
0.411687257
0.21541648
0.107456703
0.02902392
-0.575632353
-0.376600159
-0.189410508
-1.260497215
-0.993214142
-1.00946288
-1.502625463
-1.226316317
-2.235571977
-0.045408845
-2.287990341
1.40252052
1.473489246
0.177042383
-0.197611605
-0.334235437
-2.603446875
-0.962456149
-0.049322005
0.462466421
1.151890234
-0.747460703
-0.364412728
1.027624985
-0.200757132
1.071125307
-0.408973327
-1.482353949
-2.353564206
-0.43437506
1.733884512
0.023534012
-1.791212182
-0.995399978
0.797716471
1.437204397
1.34561455
0.511593
-1.245734592
1.231472674
-1.088251605
-2.209975513
0.271205174
1.227726249
2.239483226
-0.387683155
0.473555245
-1.072459697
-1.00063596
-1.311911042
2.0831134
1.345535072
0.23362525
1.293520155
0.131412346
0.948203413
-0.580778987
0.382759295
-0.791522384
0.133061725
0.266081682
-1.093601428
1.513337172
0.608935097
-0.06114995
-0.220913243
2.26283903
0.057179925
-1.424992872
-2.225875315
0.965192554
1.202939672
-1.199081474
-0.273688609
0.239316731
-0.971689067
0.284175632
1.378368178
-0.519411868
-0.378100983
-0.145027693
-0.466583284
-0.372252242
-1.479287057
-0.534798135
-0.628988229
-0.236658979
0.515068067
1.951565805
0.410627573
2.111330754
-0.379396506
0.321155203
0.181105228
-0.553088374
-0.246269006
-0.880315505
0.822174877
-1.485257789
-0.083930813
-0.751975554
0.422503154
-0.219115486
-0.237301824
1.329788408
-0.41420118
0.452436527
0.198061352
0
0.079930911
-0.882620563
0.579389324
0.36652536
1.285291544
0.646021091
-0.38922966
-0.110712327
-0.27207121
-0.292692171
1.039414627
-0.075043027
0.189262683
-0.254678385
0.540491183
0.781360474
0.148148047
0.419578602
-0.08041834
0.218009963
-0.117561024
0.017789709
0.790763012
-0.185472928
-0.452719954
0.097337451
1.047827305
0.255166457
0.718582649
-0.011810987
-0.068297079
-0.034993248
0.256903043
-0.617478494
0.294306973
-0.066305203
0.191608442
-0.038447082
0.613579346
0.630978185
-0.251179105
-0.406189357
-0.218907838
0.349180757
-0.093927017
0.24045985
-0.199393249
0.53943437
-0.127815399
-0.345917176
-1.501569498
0.248090233
1.051118782
0.28924045
0.133235897
0.591016071
0.515346464
0.397112276
0.081197165
-0.021848181
-0.606896647
0.100716634
-0.556667837
0.089239815
0.515981183
-0.002024521
-0.494219417
-0.774140523
0.450449321
0.681190644
-0.460131687
-1.250758041
-0.05637144
0
0
-1.09591282
0.446686503
0.44349143
-1.038539107
0.271511172
1.137443718
-0.442673219
-0.394077983
0.510623073
-1.486411503
0.446505507
0.745396152
0.228705784
0.39397558
-0.257006829
0
-0.325078608
-0.10581009
-0.871310597
0.05298473
-0.832559351
0.205516342
0.28537914
0.410691731
-0.852893407
-0.344044131
-0.114133264
-0.515279151
-0.260573742
0.412302096
0.711398557
-1.023193896
0.207745351
0.165059026
-0.114891608
0.502925638
-0.795052378
-0.113687001
-1.510190277
-0.520357197
-0.064193835
0.897105598
0.356502043
-0.094819216
0.07240679
0.142549289
-0.061720979
-0.098087396
0.637687317
0.130800682
0.793157114
0.195910521
-0.334198668
-0.550386511
-0.91699803
0.030441832
0.648344857
-0.554887346
1.841454766
0.536805679
0.545636895
-0.088623398
-0.193869355
-0.841732382
-0.152980974
0.34375604
0.104563443
-0.232781212
0.922075177
0.057055099
0.07877425
0.699362948
0.477951962
-0.832841109
-1.402513636
-0.196097934
0.109346348
1.179902993
0.696594964
0.546187317
-0.011541586
-0.114298902
-0.9646148
1.673780643
0.334346253
0.307927054
-0.011220388
-0.007232453
-0.127576272
-0.218679964
0.404829411
-0.172143336
0.308300731
0.275913964
-0.044433653
0.342197408
-0.440668725
-0.423995913
0.134150999
0.473255961
-0.27677224
0.048904912
-0.718819708
0.471686652
0.273515113
-0.512226072
0.200690073
1.245561018
0.284883692
-0.004816063
0.5765835
0.198096128
-0.196848534
0.600663966
-0.049480161
-0.329740103
0.253827459
-0.007463392
0.363623392
-0.224732597
0.069951823
-0.877976141
0.080558927
-0.442316762
0.660463531
-0.123884179
0.096312391
-0.100176467
0.547399041
-0.630708847
-0.338928498
-0.176247331
0.45849338
-0.294494055
0.172354764
0.682541571
0.107494468
0.249946259
-0.331718988
-0.310559868
-0.924581853
0.115839822
0.044536591
0.19030401
-0.172634797
0.487072406
-0.141947992
0.44654803
0.166514736
-0.221015781
0.302974781
-0.861626585
-0.167668352
-0.250630884
0.031877584
0.00218088
-0.409007401
-0.359218966
-0.576566401
1.069623455
0.298606864
0.07090178
0.362854719
0.382789594
-0.101723959
0.239355595
0.065577392
0.339028041
0.026632929
0.173885297
-0.000525698
0.113344978
0.46353108
-0.096597507
0.07572664
0.337943666
0.143046007
-0.187529641
0.082919257
0.048396493
0.276883409
0.084579583
0.020383299
-0.203525421
0
0
0
0.111611691
-0.247408752
0
0
0.939045884
-0.124905156
0.111447881
-0.244800121
-0.207344933
0.138827412
-0.067555319
0.03975777
0.0786761
-0.302265125
0.086027812
0.249599262
-0.186966158
0.262133133
-0.296090507
0.063887785
0.228111153
0.611346763
-0.13822399
0.086240948
-0.206666244
-0.196482914
0.31907048
-1.095701767
0.150016298
-0.475608634
0.055360136
0.34924975
-0.104554299
0.150217773
0.292128448
-0.456855962
-0.214969746
0.200967518
0.698672951
-0.132128567
-0.824398837
0.44633464
0.626223702
-0.995086861
0.447693298
0.371099023
-0.188561706
-0.092951301
0.99706311
0.269660156
0.111948145
0.254694271
-0.011856192
-0.098945847
0.026106127
0.473929862
-0.0837235
-0.173950139
-0.342408428
0.295053537
-0.378629058
-0.116003003
-0.222620352
0.048363494
-0.502130767
0.03466687
0
0
0.819873772
-0.379535328
-0.31749962
-0.890388558
0.022052902
-0.142663048
0.97342733
0.337860704
-0.705614738
-0.18060275
-0.169540601
-1.02704084
-0.169927869
-0.080090543
0.105535035
1.033542204
0.568015985
0.411293323
-0.100471939
0.325218693
0.221229956
0
0.262622326
0.867213693
-0.054626662
0.371557262
0.35908846
0.067541842
0.084227395
0.003672042
0.312660763
0.121227348
0.038673656
0.145715768
0.298037282
0.083995632
0.299814262
-0.920489638
-0.243307541
0.405863758
0.502539828
-0.7452484
0.330170415
-0.266348812
-0.329169194
0.053220315
-0.525516181
-0.519027714
0.827903168
0.278004043
-0.447851311
-0.420293484
-0.256105862
0.174378168
0.46646006
0.072781904
-0.171480366
-1.446923864
-0.769484959
-0.543040335
0.665863553
0.715133152
0.271289435
-0.171703431
0.134566745
-0.399741872
-0.449471398
0.905694123
-1.035243819
0.895021008
0.48350318
0.047027253
0.494222587
0.286337329
0.116392273
-0.178412354
0.283288688
0.43121432
-0.028764227
-0.002658526
-0.087822785
0.337585742
-0.417317386
-0.283879864
0.074312432
0.063002734
0.025983671
0.701478384
-0.019574366
-0.044242669
-0.51315567
-0.205868046
0.303033932
0.104241384
0.108927666
0.292602794
0.115235546
-0.31939924
0.081066524
-0.13294557
-0.345325231
-0.076565795
0.585617756
0.098662948
0.093599873
-1.003069275
-0.448373978
0.194673207
-0.487123113
0.74772563
-0.334013712
0.08067131
0.206483813
0.214061569
0.003410966
0.884156897
0.252185871
-0.008844513
0.078770303
0.525448753
-0.081004633
0.19712501
0.291297638
-0.092259962
-0.202910063
0.147159126
0.005162347
-0.007668562
-0.012984509
-0.33780484
0.476123194
-0.299518774
-0.158871217
0.12639804
-0.15838368
-0.180784599
-0.199435277
0.853748542
0.194864863
-0.005077535
0.399553989
0.204519684
-0.167343224
0.26101361
0.010384477
0.391228188
-0.134172749
0.294876588
0.024704432
-0.034280574
0.209370575
-0.056694309
0.113843518
-0.125605897
0.141515396
-0.135344571
0.152833488
0.192488591
-0.013153692
0.141277282
-0.149889128
-0.103715396
0.452465499
0.090233312
0.267932873
-0.151565785
0.041457257
-0.028279192
0.108295862
0.379491431
-0.046162725
0.284510824
0.167984114
0.082871699
-0.015425358
-0.832735567
-0.391491385
-0.26535882
0.416091767
0.107630373
-0.382977253
-0.178239191
-0.288552875
-0.050794513
0.751010327
-0.373355979
0.459479563
0.722328447
0.298742168
0.407603848
0
0
0
0.457877344
-0.168939338
0
0
-0.697188668
0.161910731
-0.032923512
0.358737328
-0.038209792
-0.349972621
0.237341709
0.168974019
0.13833108
0.871127365
-0.071893022
0.112698502
-0.120788332
0.063516016
-0.044701663
-0.399799316
-1.091417787
-0.198362927
0.267160951
-0.325218892
0.170605704
-0.311540871
-0.563442349
-0.277967553
-0.055178801
0.663099755
0.212204122
-0.056343096
0.874281621
0.279638936
0.257671175
0.295992581
-0.025357427
0.013579754
0.001213877
-0.185622208
0.171683057
0.233183441
-0.042918613
-0.168773426
-0.331192417
0.467401756
-1.51926474
1.05557694
-0.213978971
0.003868509
-0.883256166
-0.397758554
0.197771589
-0.559297636
-0.815348238
0.185595804
0.592870838
0.290702472
0.161808862
0.089182392
0.218183861
-0.72261788
0.701509148
0.509407203
0.012086849
0.620392133
-0.141928355
0.216698654
0.088769527
0.024633553
0.300923661
-0.836297248
-0.091696828
0.07114359
-0.23733963
-0.644402386
0.111190116
-0.776327383
0.676930951
0.426192244
0
0
0.869906552
-0.253622811
0.020426288
-0.674387921
0.20650324
0.628775027
0.086508771
0
-0.214028044
-0.120693563
-0.283342444
0.24595593
0.390962349
-0.117463513
0.545062335
0.232003551
-0.000178092
-0.440060965
-0.121380896
0.13640042
-0.091411642
0.264077336
0.103056418
0.209917327
0.551401161
0.210210287
-0.007209117
-0.001179788
0.019091145
0.029908601
-0.132802915
0.030329524
0.092477041
0.17149572
0.093132237