1236.3
1125.8
1196.2
1095.6
1115.8
1095.6
1140.9
1120.7
1181.1
1261.5
1256.4
1301.7
1331.8
1231.3
1241.4
1241.4
1181.1
1196.2
1236.3
1191.1
1181.1
1261.5
1306.7
1352
1346.9
1311.7
1326.8
1231.3
1301.7
1256.4
1301.7
1301.7
1316.8
1372
1432.4
1583.1
1593.2
1397.2
1502.7
1407.3
1462.5
1392.1
1452.5
1467.5
1482.6
1543
1628.3
1688.7
1698.7
1553
1759.1
1553
1618.3
1553
1613.3
1553
1618.3
1628.3
1764
1734
1814.4
1975.2
1854.5
1749
1754
1718.8
1708.7
1653.5
1698.7
1794.2
1960.1
2075.7
2231.5
2115.8
2045.5
2025.4
1929.9
1970.1
2025.4
1934.9
2075.7
2191.3
2246.6
2402.4
2392.3
2301.8
2347.1
2141
2226.4
2196.2
2362.1
2226.4
2301.8
2372.2
2497.8
2688.8
2734
2502.9
2754.2
2477.7
2548.1
2447.6
2533
2517.9
2643.6
2698.9
2975.2
3151.2
3196.4
2904.9
2904.9
2879.8
2829.6
2804.4
2879.8
2784.4
2915
3035.6
3211.5
3503
3573.3
3382.3
3447.7
3090.9
3176.3
3010.5
3236.7
3070.8
3216.5
3487.9
3643.8
3895
4030.7
3759.3
3915.1
3573.3
3578.4
3472.8
3673.8
3513
3583.4
3874.9
4091
4503.2
4437.8
4136.2
4317.2
4126.2
3920.1
3940.3
4076
3804.6
4131.2
4312.2
4357.4
4875.1
4925.3
4447.9
4895.1
4206.6
4196.6
4091
4367.5
4055.8
4297
4377.5
4900.2
5262
5367.5
5151.5
5211.7
4704.2
4804.6
4684.1
4739.4
4473
4789.6
5091.2
5422.8
5870.2
6201.8
5694.2
5985.8
5262
5367.5
5106.2
5327.4
5091.2
5447.9
5794.8
6126.4
6493.4
6644.1
6171.7
6453.1
5764.6
5845.1
5483.1
5769.7
5392.7
5799.8
6362.6
6453.1
6729.6
6875.3
6201.8
6543.6
6267.2
5870.2
5749.5
6056.1
5362.6
5970.7
6488.3
6704.5
7463.4
7508.6
6940.7
7056.3
6558.7
6392.8
6367.7
6714.5
5749.5
6438.1
6815
7453.3
7785
7976
7262.3
7553.8
6810
6935.6
6608.9
6583.8
5764.6
6789.9
6985.9
7574
8061.4
8518.7
7553.8
7634.2
7352.8
7181.9
7031.2
7006
6181.7
7207
7453.3
8041.3
8478.6
8925.8
8026.3
8639.4
7684.4
7825.2
7493.4
7548.7
6578.8
7428.2
8006.1
8775.1
8935.9
9689.8
8528.8
8584.1
7880.5
7930.7
7568.9
7865.4
6588.8
7835.3
8373
8714.8
9614.4
9614.4
8905.8
8584.1
7880.5
7965.9
7930.7
8212.2
6664.2
7880.5
8202.1
8508.7
9101.8
9227.4
8704.7
9066.6
8056.4
8232.3
8021.2
8579.1
6860.2
8126.8
8292.6
8850.5
9740
9971.8
9330.6
9038.1
8428.1
8680.2
8451.9
8813
7148.9
8511.1
8711.3
8974.8
10011.2
10505
9588.9
10261.2
8448.8
9126.3
8664.6
9212.4
7820.1
8776.6
9191.6
9421.9
9984.2
11406.5
9312
10002.9
8800.9
9238.2
8903.2
9702
8066
9301.6
9625.3
10210.4
10543.4
11154.9
10342
9818.6
9901.5
9261.4
9293
9941
8157.4
9303
9521.5
9930.6
10618
11388.1
10192.2
10080.7
9355.6
9661.2
9721.9
10395.2
8766.2
10034.9
10048.9
10565.1
10808.3
11019.6
10692.8
10909.6
9907.4
10112.8
9890.1
10734.2
9440.5
10545.5
10442.5
11007.1
11931.5
12674.3
11232.2
11159.6
10865
10584.9
10789.3
11518.6
10136.7
10582.8
10945.9
11222.9
11372.3
12947.1
10911.7
11874.4
10875.4
11086
11292.4
11901.4
10411.6
11118.1
11233.3
11906.6
13101.7
13533.2
12406.6
11682.5
11274.8
11469.8
11221.9
12150.4
10729.1
11537.2
11974
12322.6
12709.5
14091.4
12802.9
12510.3
11387.8
11442.8
10948
12243.7
10882.6
11555.9
11680
11626
12285
13116
11933
12473
10905
11103
11219
11919
10783
11206
11867
12325
12781
13147
12163
12096
11601
11697
11919
12804
11645
11927
11860
12235
13142
13989
12091
13302
11824
12406
12365
13011
12012
12241
12364
12603
13286
13850.727
13528.649
13540.004
11994.133
12492.689
12787.945
13522.616
12235.866
12311.298
12885.964
13263.783
13831.493
14794.93106
12505.74785
12945.32702
12939.27068
13075.84772
13055.21305
13848.10537
12973.32164
13642.76488
13755.89543
13930.42073
14916.15868
15175.01284
13704.42378
14383.1645
13715.23874
13716.30274
14103.80776
15286.50807
13817.62542
14169.10275
14305.44345
14701.60883
16002.65168
16170.79718
14972.22002
15407.53347
14034.5295
14639.40992
15060.89216
16264.53886
14649.30829
14994.31129
14951.19117
16257.6271
16950.80879
17848.19397
15689.83853
16383.44664
15199.87746
15565.79178
16093.0151
16575.19155
15630.81195
16002.2289
15963.53632
16922.07632
17133.53851
18292.4848
16494.57035
17243.74143
15531.08279
16693.06642
17087.24157
17645.78317
16750.60331
16494.29744
16731.38242
17806.42403
18870.87932
19344.66853
16996.50012
17636.38142
17016.47554
17193.02376
17374.30723
18464.54751
16579.91467
16965.53951
17630.19228
17851.65235
18507.99231
20202.99147
18770.08491
18517.14231
17004.90434
17756.78301
18911.0647
20054.71434
18709.9363
18185.19215
18726.96655
18882.94231
20117.07716
20329.05814
19481.65883
20586.98847
18261.90687
18525.47414
19381.57199
20650.63361
18984.29603
19297.60907
19134.34038
20211.65875
21137.9237
22432.0992
20984.27918
21028.78525
19050.63863
19210.36092
20499.30725
21538.81736
19548.12962
19495.79552
19231.73417
20661.57028
22507.23839
23444.90848
21254.34685
21967.72051
18682.38978
20377.39035
20848.20546
23037.91905
20602.9467
20839.44574
20447.94904
20584.50262
22895.48825
24155.99256
21185.48277
22565.46218
20261.42537
20868.893
21077.7442
22851.77266
21112.25154
20899.04656
21214.13369
22511.8296
23734.14999
24429.92151
22548.98044
22311.82639
21496.96709
20956.33367
21078.37653
23239.79576
21729.36265
21081.70422
21124.18577
22046.96032
23163.58102
23767.62634
20887.79705
20925.3695
19228.39215
19646.98194
20537.92696
22424.54373
21148.53679
20400.55436
20324.63534
20644.3327
22725.09443
23747.89921
21913.38788
22815.34887
19935.22784
20427.94947
20436.26422
23145.04432
21456.03652
20701.87055
20498.41097
22012.01974
23443.43467
23664.78156
21417.48792
22737.09222
19255.43657
20352.16178
20740.76456
22022.50967
21592.28235
21020.67936
20338.72835
20614.69673
21876.70993
23116.94187
23020.58689
21343.76321
19332.45832
20200.94522
20755.07568
21649.0079
21435.09053
19801.47995
19647.21158
20264.24689
21329.79218
22567.26638
20611.38861
21198.99829
19353.48604
19476.68209
19149.01079
21607.34487
20586.69408
19681.81631
19703.02206
20478.45292
21735.68637
22066.80016
20404.65074
20904.40198
18639.36131
19496.38124
19610.545
21089.23648
20156.58926
20282.86441
19622.28855
19779.48668
21315.2244
22706.45567
21062.76905
21181.40673
18725.32409
19848.21984
20352.21294
23415.95467
20861.6352
19608.00449
19650.59077
19890.55247
20914.20275
21497.09602
20902.05303
21494.67097
19766.83374
19770.72235
20244.1416
22200.57479
21398.49434
20879.19254
19836.99115
20601.36726
21332.48681
