4937.796	582.164
4990.228	575.322
5632.036	662.874
5663.826	686.064
5693.5	670.04
5183.067	575.373
5780.093	673.177
5409.633	625.797
4949.669	570.581
5909.523	693.007
5872.97	692.6
5762.525	700.265
5731.9	689.71
5701.254	685.776
5310.428	623.252
4888.155	572.665
5973.74	601.07
6511.018	770.252
6503.326	769.334
5722.617	766.493
6239.697	758.313
5781.422	683.778
5414.2	641.87
6310.506	747.524
6247.19	745.68
6056.11	731.76
5684.407	705.533
5816.977	714.033
5462.692	637.998
5079.806	582.234
5958.436	708.064
6069.34	724
6193.108	720.652
6101.78	718.89
6165.665	712.845
5789.817	655.213
5314.107	618.943
6099.237	713.643
6157.22	736.83
6107.742	741.658
5996.328	708.872
5996.169	703.641
5496.06	629.18
5315.72	618
6347.22	744.24
5933.6	666
6159.379	720.331
6076.141	723.369
6487.305	735.365
5566.068	628.352
5171.367	594.803
5781.583	683.857
5758.772	670.598
5688.475	659.405
5594.863	647.477
5517.391	627.999
5022.657	559.363
4662.912	525.888
5401.479	627.961
5487.424	638.146
5468.277	640.443
5472.355	637.615
5411.201	632.679
4959.252	581.128
4632.876	532.414
5334.235	643.805
5323.086	639.284
5331.464	641.156
5388.295	644.725
5386.12	656.73
5015.449	595.251
4761.52	554.04
5313.611	649.409
5298.503	648.557
5348.472	653.358
5525.95	677.88
5365.432	657.878
4988.321	580.239
4626.499	530.381
5275.13	647.7
5549.857	645.703
5362.47	649.2
5411.27	649.44
5426.42	645.96
5154.481	588.179
4523.03	517.44
5448.578	655.142
5500.602	664.008
5503.036	661.794
5000.531	603.809
4730.906	568.974
4937.94	579.6
4731.017	555.983
4883.66	608.64
5566.004	687.276
5629.637	686.283
5545.523	672.207
5538.334	683.456
5114.743	606.277
4702.16	565.68
5604.324	706.856
5554.392	699.588
5580.372	697.208
5660.97	709.27
5813.536	731.144
5549.993	685.967
5020.084	597.756
5652.231	700.019
5767.112	702.828
5760.879	694.281
5546.335	682.835
5548.446	685.294
5104.762	608.038
4755.245	562.955
5469.414	682.316
5348.917	673.643
5544	697
5589	691
5556.34	705.74
5189.392	652.498
4756.099	610.231
5501.798	727.992
5639.043	751.847
5693.946	768.474
5683.296	770.744
5697.314	781.736
5379.598	727.232
4966.41	680.93
5683.192	795.348
5685.406	800.354
5789	810.24
5893.339	817.491
5918.055	828.715
5498.863	755.207
5077.991	714.829
5836.29	828.88
5868.073	841.767
5762.517	825.093
5844.788	836.742
5911.061	844.969
5701.175	785.935
5356.444	735.816
6166.856	806.964
6169.003	865.867
6289.663	852.357
6354.369	859.961
6319.479	852.061
5918.534	791.476
5462.62	745.58
6428.762	884.038
6642.885	894.265
6823.19	902.34
6876.32	900.65
6793.512	895.978
6222.897	812.983
5685.496	747.004
6444.208	855.502
6582.569	885.291
6648.063	886.897
6530.906	871.644
6405.52	858.78
5859.023	793.627
5237.354	730.706
6056.913	865.917
6254.94	881
6419.75	895.92
6490.614	903.676
6618.22	911.04
6246.846	845.634
5755.09	777.76
6713.979	898.851
6818.735	906.425
6846.746	918.704
6926.441	903.629
7046.114	891.576
6609.733	864.237
5814.779	796.731
6757.258	921.582
6663.11	932.17
6969.693	943.577
7080.168	966.162
7224.81	986.36
6772.075	905.805
6391.43	857.65
7700.765	1022.945
7907.38	1032.64
7858.347	1028.963
7539.42	983.24
7464.415	993.265
6847.01	902.16
6367.392	849.248
7517.561	1008.599
7600.77	1013.12
7566.55	1025.28
7618.356	1048.884
7652.45	1044.54
7072.527	952.233
6678.003	906.327
8015.886	1069.424
7931.86	1046.64
7733.77	1029.6
7734.723	1034.417
7756.378	1057.312
7169.551	969.489
6573.346	907.324
6792.379	923.391
7827.591	1046.989
7868.574	1063.776
7931.219	1061.921
8015.055	1078.365
7326.219	988.541
6688.73	946.56
7809.036	1057.664
7865.52	1053.53
7898.428	1055.482
7947.056	1062.174
8008.275	1075.275
7402.82	1004.99
6794.088	959.332
7942.238	1097.772
8052.521	1116.919
7940.61	1109.32
7961.821	1097.669
7909.808	1092.212
7453.248	1025.412
6813.959	950.361
6849.43	965.75
7864.253	1086.037
8038.384	1099.336
7939.607	1074.063
7804.533	1071.227
7261.73	1007.16
6818.32	958.56
8015.484	1096.246
8228.845	1109.065
8061.87	1070
7606	1050.84
7645.928	1051.462
7150.651	975.899
6675.813	922.887
7800.95	1060.19
7905.622	1075.338
7951.964	1081.116
7918.748	1069.322
7533.958	1006.272
6699.971	918.659
5876.36	835.88
6692.939	962.721
6821.487	982.643
7126.53	974.95
7326.59	948.4
7145.512	919.008
6693.6	905.64
6221.385	864.975
7350.995	1022.355
7519.94	1033.68
7000.473	969.247
6766.5	932.2
6735.61	937.83
6169.742	838.648
5478.281	769.459
6248.732	892.028
6485.213	917.447
6569.448	920.432
6462.783	932.127
6333.788	889.502
5731.67	795.62
5616.25	789.76
6337.04	877.67
6398.311	889.269
6413.884	894.636
6407.698	887.042
6408.022	886.408
5889.818	806.982
5313.417	738.313
6086.646	848.624
6180.201	854.619
6199.647	843.923
6010.398	842.532
5981.088	828.722
5534.13	753.73
5254.99	719.86
6041.537	841.943
6090.088	839.332
5413.959	737.671
6034.021	822.239
5993.311	821.749
5591.763	727.947
5224.915	683.745
5945.259	800.551
5960.12	797.78
5908.77	790.52
5903.16	790.44
5802.21	768.2
5405.21	693.76
4952.308	639.122
5619.71	733.7
5656.37	731.7
5674.694	736.246
5694.94	735.78
5716.482	727.218
5179.969	617.151
4614.524	551.956
5252.724	635.096
4566.735	528.035
5257.03	629.36
5297.584	620.786
5151.64	604.44
4856.596	543.754
4336.645	482.315
5090.069	596.661
5107.012	593.608
5221.562	604.938
5161.429	556.941
5117.412	591.708
4770.676	518.344
4347.093	485.667
5102.341	583.679
5166.08	579.2
5203.59	602.89
5230.46	613.56
5180.36	600.5
4782.373	529.907
4359.52	485.51
5064	655
5266	632.8
5311.777	615.363
5288.203	611.767
5286.559	609.541
4922.909	538.761
4641.038	502.052
5469.512	625.348
5420.524	624.196
5308.284	623.786
5353.24	642.72
5333.031	632.939
4984.727	557.343
4519.595	510.095
5289.408	606.212
4747.486	552.074
5327.12	603.86
4633.021	526.279
5333.882	592.048
4997.975	560.055
4564.838	518.582
5411.621	625.749
5553.925	644.095
5626.448	648.502
5783.298	664.112
5662.356	659.404
5404.283	603.587
5127.994	572.576
6004.341	713.739
6130.31	712.54
6267.456	728.414
6478.508	760.302
6521.346	794.684
6229.53	725.73
5786.198	662.562
5749.12	652.06
5820.117	675.823
6567.043	749.207
6634.09	756.09
6262.173	721.977
5712.35	645.81
5204.503	597.667
6285.016	740.594
6545.938	775.792
6822.325	813.585
6843.658	785.332
6088.994	708.636
6348.581	751.609
6024.591	711.799
6997.432	833.008
6695.467	793.523
6538.705	771.495
6711.868	811.372
6911.992	844.468
6333.487	728.453
5826.653	674.627
6848.24	780.46
6714.415	660.705
6941.835	805.405
6532.545	774.175
5888.939	760.841
5752.194	668.786
5368.886	607.374
6159.356	731.914
6015.044	716.966
5885.423	701.327
5880.05	695.64
5787.18	719.62
5525.526	637.074
5175.588	583.272
5847.952	693.598
5870.088	691.882
5909.337	707.603
6072.702	732.568
6198.212	713.298
5615.464	629.806
5096.91	566.66
5953.425	686.985
6053.507	713.383
6027.188	707.702
5830.1	687.3
5838.382	680.908
5406.428	609.632
4955.517	558.153
5883.979	689.181
5752.011	685.689
5602.575	672.625
5563.356	670.264
5543.045	662.425
5222.392	602.758
4816.208	549.442
5668.352	668.578
5729.334	690.266
6134.63	715.82
5866.21	702.62
5773.732	685.188
5145.89	585.84
4712.773	554.577
5864.531	710.429
6131.104	674.816
6175.226	712.284
6003.116	703.614
5988.932	701.288
5729.411	628.159
5197.49	593.28
6012.952	721.818
6093.682	707.968
6004.37	701.28
5998.611	692.819
6013.634	692.786
5690.136	633.374
5301.411	597.629
5900.142	680.938
6029.142	680.928
5940.869	689.201
6227.32	704.76
6053.445	696.125
5505.805	619.945
4954.55	559.47
5870.587	680.893
5922.069	701.131
5965.38	702.95
6010.651	710.529
5988.991	701.369
5585.067	627.023
4803.213	547.567
5884.813	679.707
6166.976	709.894
5922.059	702.461
6025.985	718.765
6128.172	725.578
5737.904	666.966
5140.751	587.579
5901.78	696.93
5905.798	681.682
5912.584	673.056
5876.878	697.562
5906.854	701.586
5541.005	638.375
4980.478	570.862
5851.665	694.855
5940.048	711.102
5968.399	709.081
5497.094	644.566
5221.883	611.757
5552.858	644.112
5139.589	618.731
5236.469	644.401
5863.867	702.903
5953.25	708.24
6033.5	711.55
6105.628	728.372
5633.931	617.699
5203.519	573.751
5982.939	697.381
6128.499	728.931
6135.923	736.347
6118.614	732.826
6213.641	758.869
5787.547	687.293
5284.98	634.36
5219.142	656.208
6006.08	768.06
6088.94	786.24
6123.9	801.5
6153.12	805.3
5835.86	744.52
5365.25	702.74
6273.98	829.58
6410.75	839.68
6443.26	839.34
6466.87	844.84
6260.377	821.743
5788.93	756.78
5385.31	730.06
6164.79	835.6
6381.7	853.2
6438	873
6454.02	861.18
6519.3	861
5998.22	790.08
5488.59	737.48
6206.97	869.48
6394.26	866.2
6552.42	881.72
6573.75	893
6580.8	879.74
6164.321	813.429
5668.941	758.309
6504.046	879.484
6498.69	875.22
6468.871	851.919
6545.856	848.484
6531.4	852.03
6213.36	790.28
5722.321	744.259
6606.487	815.073
6647.494	871.846
6728.197	882.893
6823.721	903.829
6539.084	869.646
6277.64	817.35
5705.06	761.59
6383.44	865.82
6463.203	877.027
6648.691	898.909
6691.303	900.807
6629.72	909.46
6249.595	846.225
5920.442	803.328
6927.754	948.296
7196.418	970.342
7360.26	991.94
7362.412	986.548
7396.384	950.716
6666.109	834.741
5938.291	807.449
6991.787	948.303
7200.91	978.12
7290.897	996.423
7391.534	991.556
7410.087	998.293
7006.602	913.148
6440.288	868.252
7519.324	1010.796
7537.164	1010.236
7266.963	983.407
7315.926	991.684
7335.349	999.961
6883.323	922.677
6474.816	877.454
7666.62	1029.17
7744.126	1032.334
7768.83	1050.5
7873.93	1049.68
7880.769	1059.121
7287.473	973.677
6688.923	917.217
8039.407	1072.733
8143.701	1066.809
8140.74	1080.62
8285.337	1101.083
8422.715	1109.225
7698.322	1021.798
7138.1	947.43
8253.321	1079.819
7369.932	968.158
8391.887	1119.273
8430.819	1131.951
8371.018	1115.902
7758.203	1032.077
7025.573	973.477
8287.553	1117.237
8373.294	1114.596
8358.645	1122.875
8313.327	1132.703
8391.551	1138.559
7731.12	1052.82
7051.426	990.764
8226.387	1135.593
8199.753	1112.497
8080.985	1088.405
8268.661	1135.619
8539.357	1151.833
7878.811	1058.459
7235.84	993.85
8077.084	1095.946
7165.409	993.991
8031.681	1097.399
8159.275	1117.515
8145.053	1087.867
7392.677	1015.133
6714.586	944.884
7687.103	1031.157
7706.98	1054.4
7708.28	1059.6
7548.34	1033.16
7380.43	1029.56
6949.471	963.599
6451.789	916.081
7441.476	1026.844
7332.588	984.492
7362.464	1000.946
7116.33	988.02
7074.682	981.448
6951.374	934.546
6565.792	898.658
7450.773	990.667
7006.841	955.139
7146.283	953.887
7499.699	972.691
7340.656	919.474
6737.935	888.625
6207.857	851.893
7352.81	1000.27
7462.152	1008.178
7031.102	952.798
7067.92	920.88
7137.033	946.577
6476.388	860.242
6024.466	794.384
6889.615	941.235
6683.882	921.938
6793.111	924.839
6760.28	921.37
6695.15	906.32
6109.467	812.963
5774.009	803.361
6383.311	902.369
6484.393	889.127
6444.528	891.132
6560.535	896.245
6603.444	883.126
6176.985	801.105
5729.605	750.255
6722.49	872.28
6841.146	882.424
6899.05	882.36
6916.001	862.639
6885.31	883.5
6373.089	817.261
5809.743	745.997
6711.069	857.571
6714.395	853.965
6672.013	853.257
5861.405	729.475
6429.041	815.429
6166.414	776.476
5525.096	682.404
6367.429	800.251
6417.594	799.866
6368.819	798.341
6330.046	802.194
6293.082	789.888
5940.061	725.959
5388.34	650.6
6127.351	758.299
6159.236	757.084
6250.24	766.2
6125.42	754.41
6089.85	739.91
5730.26	647.46
5051.336	579.574
5833.687	678.653
5795.173	668.507
4840.669	526.551
5633.262	638.218
5588.499	623.011
5181.305	552.435
4697.308	517.992
5491.866	640.884
5619.336	651.894
5633.5	645.33
5642.667	646.013
5612.524	638.476
5220.857	570.473
4656.998	525.162
5458.762	628.718
5569.331	627.849
5640.766	637.774
5507.365	641.185
5530.195	649.945
5222.068	593.852
4698.8	536.36
5539.126	659.994
5681.126	648.924
5584.076	644.364
5893.551	661.679
5656.794	637.596
5272.996	569.584
4870.083	524.157
5722.298	641.682
5871.58	660.39
5911.301	678.299
5899.75	661
5856.823	673.487
5391.738	590.912
5015.511	573.689
5897.981	680.749
6242.517	729.183
5412.554	639.846
5898.426	683.514
5098.116	600.884
5354.264	614.356
5051.813	594.737
6106.642	694.858
6180.142	702.468
6320.293	758.217
6967.442	828.278
6567.517	760.603
5865.348	657.472
5222.467	590.093
6304.21	701.14
6466.393	710.967
6442.599	709.661
6413.85	711.75
6243.153	696.777
5691.367	613.983
5391.709	589.831
4870.24	532.08
4897.57	533.28
5926.65	649.26
5954.831	638.009
6132.253	655.687
5725.371	619.479
5343.77	589.1
4980.786	538.104
5721.844	661.92
6006.815	685.478
6278.534	703.92
6195.367	690.705
5302.677	567.681
5185.49613	562.242
5977.676	675.145
6042.117	681.154
6079.826	688.683
6193.123	688.446
6228.68306	735.067
5684.89	624.238
5139.008	585.82
6039.191	710.236
6010.599	717.721
6189.972	622.324
6482.362	721.603
6364.951	735.76
5573.143	663.16
5261.491	605.625
6293.755	720.299
6439.651	738.753
6339.024	726.886
6404.288	737.666
6379.082	728.418
5945.226	658.506
5394.157	598.427
6518.146	756.257
6388.308	758.206
6677.804	765.08
6568.366	757.512
6347.213	729.88
5786.495	631.586
5410.005	579.866
6716.73	759.854
6839.646	788.104
6807.36	768.629
6664.346	768.866
6636.97918	746.901
6299.132	670.855
5717.784	633.248
6659.803	748.006
6538.723	735.505
7169.582	802.858
7050.672	798.326
7003.827	796.165
6243.357	659.165
5681.609	604.076
6794.175	745.165
7496.871	768.537
7826.488	862.386
7794.47	883.999
7506.881	842.178
6660.353	714.119
5985.173	635.469
7017.69769	785.443
7051.766	795.46
6912.976	764.256
6784.44	759.048
6713.09	729.905
6485.466	672.244
6129.337	646.003
7346.093	783.653
7461.752	812.872
7530.13323	823.34
7419.51642	777.739
7054.61	750.84
6776.36238	692.81
6026.102	630.665
7089.755	748.67
6983.219	744.731
7064.99593	790.8
6704.73207	753.972
7008.528	760.394
6580.682	731.826
5807.307	621.501
6715.969	736.479
6656.066	721.054
6513.959	709.16
6378.123	692.48
6245.813	669.5
5793.939	591.72
5201.656	532.4
6113.385	664.581
6423.243	701.766
6104.766	657.12
6100.418	677.166
6126.402	672.837
5986.112	644.939
5103.488	554.56
6252.43	704.48
6355.443	751.608
6427.746	786.979
5927.281	697.4
5758.933	654.88
6021.31	679.346
5450.513	608.88
5383.604	628.842
6165.151	688.44
6196.133	675.9
6162.066	670.173
6163.024	667.237
5801.822	595.64
5173.906	542.957
6201.955	678.906
6134.514	670.72
6369.736	723.989
6173.491	690.524
6166.271	672
5827.643	599.4
5245.173	544.24
6221.279	677.04
6196.516	679.286
6221.688	698.88
6317.596	725.077
6651.173	759.6
6156.107	668.934
5402.798	604.68
6292.761	734.6
6363.638	741.413
5460.641	661.194
6220.988	763.4
6270.931	783.159
5993.436	743.828
5382.612	677.042
6254.149	794.657
6366.233	803.08
6439.60507	818.455
6438.958	818.27
6405.12	825.461
5963.555	754.723
5523.671	723.838
6244.383	821.8
6384.397	828.607
6401.084	833.344
6451.935	834.08
6534.54163	846.519
6127.837	783.8
5545.989	732.007
6427.507	838.445
6551.506	852.502
6559.712	856.637
6674.295	870.807
6643.86	870.628
6321.381	804.969
5763.84	752.071
6780.583	827.172
6772.957	855.975
6894.038	883.002
6903.819	895.806
6971.079	891.078
6471.692	819.106
5890.818	765.725
6594.399	904
6572.445	871.08
6735.894	867.091
6931.12942	892.908
7083.85576	896.93
6672.26988	826.698
6080.28209	786.358
7233.07455	930.047
7402.975	939.64
7474.274	960.16
7675.418	975.199
7822.615	973.493
7212.105	890.421
6686.47	823.36
7804.32292	966.816
7814.391	985.595
7856.353	991.9
7929.05737	1010.738
7972.244	1025.526
7098.159	910.61
6246.841	806.426
6977.01	859.409
6926.113	878.558
6827.778	913.325
7031.663	941.858
7226.706	953.88
6844.782	882.76
6305.909	830.836
7543.65	985.409
7530.28	975.254
7441.91989	980.487
7669.51	1001.756
7937.21489	1026.626
7477.21489	933.505
6725.77089	884.78
7477.66189	990.492
7549.09889	982.42
7596.103	996.68
7682.93007	1002.103
7743.65289	1014.96
7244.58589	937.845
6660.17889	880.787
7874.567	1033.179
8058.77	1048.92
8090.11589	1063.817
8211.37489	1081.232
8433.21589	1098.322
7716.85789	998.169
7021.58089	932.28
8406.76289	1088.585
8580.83089	1110.613
8736.75696	1126.289
7919.44789	1016.19
8954.28189	1106.12
8252.64989	1043.503
7273.80489	956.324
8574.97889	1116.36
8604.12189	1122.264
8603.02089	1118.613
8614.91289	1131.304
8639.68389	1143.12
8075.366	1042.565
7277.63289	972.52
8497.39889	1139.42
8644.30572	1154.935
8710.74	1171.44
8643.899	1168.541
8710.471	1168.695
8151.841	1087.326
7482.637	1025.919
8571.239	1130.62
8633.337	1139.159
8484.044	1125.172
7295.255	1019.071
8236.26	1081.911
7811.223	1047.22
7239.659	1004.175
8427.29	1142.673
8600.449	1155.34
8733	1163
8569	1104
8562	1129
7795	1025
6907	950
8228	1087
8418	1103
7997	1060
7622	1034
7266	1002
6704	903
6168	849
7134	982
7107	974
7113	979
7390	1021
7561	1023
7182	948
6439	868
7180	919
7054	979
7304	1004
7071	985
6928	951
6445	870
6107	802
7035	937
7142	951
7025	944
7033	949
7110	949
6628	879
5895	787
6758	899
6931	918
6927	916
6887	896
6949	896
6619	831
6026	762
7022	882
7092	895
6902	873
6807	861
6762	855
6404	791
5916	762
6955	909
6903	894
6801	875
6805	891
6727	866
6136	765
5887	748
6797	860
6915	869
6729	854
6680	839
6599	824
6176	750
5580	690
6425	800
6474	803
6464	801
6461	792
6462	785
5913	689
5570	658
6210	736
6185	731
6166	709
6035	698
5156	580
5472	602
4907	549
5820	663
5947	684
5843	674
5883	676
5834	673
5384	593
4849	535
5829	654
5715	655
5776	664
5834	660
5731	643
5562	597
5192	542
6105	682
6278	710
6224	714
6032	700
5898	677
5483	623
5046	573
5993	686
5886	702
5908	697
5990	719
6095	724
5700	636
5040	581
5907	696
6112	720
6064	729
5995	726
5298	627
5843	645
5406	593
6684	760
6666	761
6674	748
6533	729
6379	721
5822	641
5314	585
6374	739
6439	738
6521	747
6478	736
6443	716
6004	638
5558	573
6252	657
6230	668
5315	575
5544	613
6663	713
6538	701
6197	671
7507	819
7332	791
6067	635
7065	711
7169	718
6761	714
6304	652
6320	649
7492	800
7727	850
7522	814
7065	790
6591	693
6037	632
7235	769
7295	785
7128	773
6885	763
6859	633
6441	659
5842	610
6133	737
6766	720
6658	747
6573	736
6369	713
6101	658
5498	604
6534	723
6920	744
6877	739
6828	742
6758	724
6182	639
5769	602
7163	760
7092	774
6919	750
6848	749
6918	745
6320	647
5765	605
6825	725
6953	693
6904	731
6772	721
6647	710
6122	629
5546	579
6631	719
6745	737
6661	733
6728	729
6652	721
6157	647
5620	600
6656	700
6509	716
6404	707
6472	723
6522	707
6033	634
5403	591
6474	713
6590	717
6591	715
6533	717
6523	704
6090	633
5522	574
6520	704
6586	715
6592	707
6692	721
6646	711
6196	633
5558	570
6496	701
6516	703
6528	710
6608	714
6672	728
6268	660
5747	605
6694	732
6901	748
6813	758
6236	688
5911	641
6220	660
5695	618
5884	680
6736	736
6751	742
6717	737
6673	728
6236	679
5596	595
6507	720
6897	735
7040	751
6901	737
6778	736
6291	671
5641	583
6571	719
6670	729
6685	721
6875	741
6970	738
6417	643
5884	589
6841	721
6731	725
6593	730
6607	740
6661	741
6340	681
5813	634
6631	760
6761	781
6773	785
5960	713
6688	795
6402	773
5921	733
6962	864
6964	845
7000	851
6872	833
7015	845
6630	794
6121	755
7040	881
7063	883
7102	904
7205	922
7260	917
6781	841
6141	779
7177	859
7344	928
7435	930
7397	930
7450	935
7029	861
6491	804
7646	936
7772	959
7894	961
7977	975
7977	970
7387	894
6579	826
7763	963
7886	980
7776	985
7629	949
7985	969
7450	902
6804	852
8030	1007
8304	1042
8553	1053
8662	1066
8638	1064
7879	984
7005	910
8464	1060
8580	1070
8268	1054
7960	1016
8217	1045
7638	988
6969	911
7955	986
8148	966
8277	1003
8476	1063
8124	1018
7268	916
6495	847
7740	1023
7932	1038
8127	1019
8305	1083
8304	1068
7526	941
6868	879
8074	1048
8293	1057
8425	1074
8458	1090
8492	1088
7908	1003
7281	948
8750	1122
9012	1150
9112	1150
9072	1149
9044	1164
8251	1015
7391	948
8779	1136
8962	1142
9225	1189
9164	1158
8192	1024
8488	1056
7751	1005
9171	1175
9296	1203
9354	1206
9473	1215
9283	1210
8608	1096
7975	1049
9293	1216
9079	1225
9111	1221
9143	1241
9432	1256
9132	1188
8436	1124
9207	1216
9216	1204
9220	1213
9213	1232
8401	1121
8587	1143
7872	1077
9069	1162
9206	1176
9309	1212
9421	1230
7774	1154
8824	1119
7891	1023
8741	1126
8630	1111
8882	1139
8650	1121
8273	1078
7704	1002
7254	933
8813	1116
8757	1093
8423	1048
8472	1062
8593	1083
8053	1020
7420	941
8724	998
8845	1027
8887	1103
9103	1111
9092	1133
8551	1045
7315	902
8435	1043
8344	1054
8398	1065
8532	1058
8403	1046
7625	957
6908	887
8039	1041
8097	1047
8055	1029
7966	1043
7855	1021
7311	919
6776	865
8117	1022
8185	1038
8296	1047
8305	1049
8264	1041
7554	924
6810	852
7985	1002
8063	1014
8229	1029
8211	1035
8107	1027
7639	915
6821	823
7442	895
7190	877
7169	895
7228	910
7259	921
6890	843
6277	778
7414	914
7532	920
7589	913
7529	888
7314	860
6712	746
6352	713
7021	790
6813	794
6828	763
6849	784
6848	741
6057	601
5927	563
6811	696
6596	686
6591	684
6605	693
6363	665
5972	582
5417	536
6263	646
6287	661
6359	668
6512	680
6586	670
6068	599
5548	545
6439	671
6557	690
6494	692
6461	680
6788	707
6504	640
5719	579
6939	715
6840	717
6939	745
6855	717
6771	704
6216	618
5692	585
6762	711
6714	723
6944	743
7489	803
7672	811
6613	692
6191	628
6410	654
7355	772
7474	787
7283	779
7432	773
6770	698
6316	638
7520	825
7652	821
7408	789
7320	775
7314	752
6795	698
6343	643
7276	743
7328	775
7120	717
6097	607
6384	640
6832	665
6375	639
7407	736
7498	754
7440	750
6495	634
7447	719
6710	658
6206	620
6880	683
6104	600
7306	738
7408	762
7340	761
6741	676
6064	623
7057	747
7055	755
7329	762
7402	778
7256	784
6673	671
6368	640
7165	768
6487	793
7428	856
7736	843
7959	877
7600	765
6870	703
8109	853
8069	866
7919	839
7748	805
7765	824
7342	739
6502	659
7633	793
7829	822
7671	790
7815	809
7686	794
7044	704
6557	637
7837	788
7816	794
7757	803
7718	792
7534	766
6875	673
6331	620
7636	757
7489	761
7380	750
7344	740
7430	752
6745	646
6223	610
7498	800
7952	799
7702	815
7493	785
7334	755
6680	646
6152	598
7218	739
7309	747
7171	738
7186	733
7043	730
6576	634
5904	572
6892	717
7094	744
7361	780
7531	789
7751	795
7084	703
6330	635
7483	792
7360	755
7225	745
7222	747
7174	743
6696	663
6104	603
7185	737
7585	790
7442	790
7414	791
7360	777
6900	691
5994	607
7257	753
7285	745
7264	744
7189	743
7230	754
6762	678
6110	618
7172	757
7202	775
7465	806
6680	695
6493	646
7084	706
6557	664
6683	715
7661	793
7750	803
7594	787
7487	770
7077	704
6420	648
7260	772
7300	776
7510	805
7319	793
7177	756
6744	678
6095	620
7081	769
7161	785
7361	825
7192	812
6447	723
6914	778
6750	785
7265	900
7561	929
7403	914
7250	893
7326	888
6929	818
6290	762
7344	893
7561	918
7649	935
7694	948
7505	924
7061	865
6454	802
7560	948
7655	955
7658	948
7736	962
7828	968
7345	895
6703	833
7651	945
7719	963
7784	969
7850	968
7908	961
7488	888
6855	831
8030	922
8278	1015
8500	1027
8765	1043
8687	1060
7957	949
7247	878
8459	1020
8626	1044
8815	1064
8557	1029
8149	1000
7663	918
7057	876
8304	1001
8336	1008
8371	1025
8448	1051
8548	1082
8099	997
7447	919
8976	1080
9107	1057
9149	1018
9235	1080
9314	1128
8755	1043
8047	968
9546	1144
9739	1145
9847	1164
9849	1157
9846	1173
8985	1044
8091	972
9625	1150
9809	1163
9668	1132
9655	1139
9688	1166
8969	1056
8083	982
9601	1171
9634	1131
9322	1121
9414	1153
9572	1177
9026	1090
8467	1030
10156	1214
10366	1232
10266	1216
10318	1245
10355	1252
9273	1107
8713	1070
10394	1285
10215	1230
10270	1257
10233	1283
10392	1285
9694	1176
8438	1047
9069	1145
9187	1133
9433	1170
9709	1202
9878	1254
9327	1174
8595	1110
9990	1267
10181	1291
10118	1284
10138	1297
10295	1299
9342	1170
8841	1133
10316	1278
10522	1299
10256	1278
10234	1265
10250	1253
9635	1181
8825	1104
10166	1248
10229	1234
10239	1237
10186	1247
9791	1188
8798	1068
8206	1014
9589	1186
10377	1253
10591	1259
10568	1244
10510	1253
9396	1096
8421	1013
9850	1141
9547	1033
9540	1078
9655	1157
9854	1161
8460	988
7849	925
8938	1046
8954	1050
9023	1081
9035	1076
8935	1058
8297	980
7611	926
8711	1049
8731	1049
8762	1058
8789	1051
8789	1047
8248	973
7442	884
8501	1023
8631	1027
8830	1054
8489	1021
8309	997
7768	905
7120	845
8156	975
8020	964
7903	950
7805	949
8013	960
7366	871
6782	818
7005	824
7817	925
7880	951
7916	945
7979	942
7478	863
6804	794
7792	935
7522	925
7550	924
7584	928
7602	934
7091	849
6714	798
7456	876
7402	870
7418	887
7385	865
7304	824
6731	709
5906	612
6871	738
6951	742
6937	737
7008	738
6792	707
6361	629
5829	574
6847	716
6973	736
7037	739
6975	739
7018	734
6378	636
5895	596
6939	736
7055	751
7376	814
7320	810
7593	821
7208	796
6888	747
8471	924
8428	897
8360	883
8062	887
8079	871
7524	760
7100	729
8576	924
8502	943
8597	895
8242	884
8495	854
7670	783
7061	717
7556	739
7333	716
8435	860
8393	871
8326	893
7465	752
6699	664
7863	810
7914	804
8047	808
8076	828
8227	835
7422	719
6993	676
8199	863
8352	875
8404	866
8425	854
7371	722
7183	693
7315	691
8292	817
8464	815
8523	823
8413	824
7131.1	692.7
7432	723.2
6921.5	687.3
7983.5	812.1
7954.3	789.5
6868.7	665.3
8067.1	814.6
7976.7	811.7
7371.4	724
6976.3	695.4
8280.6	859
9025.2	919.6
8673.8	895.2
8688.1	894
8531.6	861.5
7821.6	770.8
7336.7	700.3
8875.1	879.2
8334.9	855.4
7494	840
8529.9	849.4
8436.3	845.5
7850.5	772.1
7044.6	692.9
8301.1	858.9
8308.9	857.4
8326.7	873.8
8093	855.2
8114.6	860.1
7882.5	813.3
7992.9	817.1
9521.5	1014.1
9616.3	1002.6
9322.9	994.1
9014.4	927.8
8709.8	887.7
7952	803
7395.1	718.7
8860.5	910.5
8724.1	886.9
9282.5	973.1
9340.5	1013.6
9598.2	991.4
9127.3	901.7
8368.8	836
9948.9	1015.2
9804.3	914.6
9381.7	943.9
8928.8	902.4
8665.1	867.8
7847	763.3
7009.7	676.4
8004.7	812.8
8224.4	886.7
8110.6	844.1
8011.1	831.9
7930.8	818.8
7495.1	767
6889.8	686.2
6847.7	717.4
7892.7	813.2
8267.1	848.4
8016.9	835.7
8127.7	839.4
7587.5	754.7
7001	686.9
8136.3	826.7
8048.3	812.7
7876.2	802.2
7658.3	793.7
7781.5	809.9
7166.6	724.9
6601.8	655.1
7555.8	762.6
7495	775.1
7539.5	785.4
7564.5	790.8
7523.6	809.1
7101.1	730.9
6523.4	656.1
7781.9	829.2
7783.3	832.3
8035.1	851.1
7819.3	824.4
8124.8	854.9
7661.5	777.7
7011.5	704.3
8016.3	837.8
8044.5	830.4
7949.3	820.3
7326.6	745
6853.3	682.7
7155.5	704.3
6475.4	641.2
6572.7	664.7
7492.8	770.9
7660.5	796.4
7598.3	802.4
7799.5	805.5
7242.9	738.1
6603.1	667.9
7563.7	787.6
7633.1	803.2
7637.8	805.3
7928.5	838.7
7839.9	820.3
7387.3	744.8
6789	677.9
7740.5	825.4
7765.2	841.9
7737.1	842
7670.1	841.6
7696.4	852.2
7165.9	766.7
6535.8	702.2
7585.5	848.9
7691.8	862.3
7756.1	865.8
7819.3	881.2
7761.4	886.3
6893.8	807.9
6670.8	776.8
7787.8	914.7
7791.1	928.3
7958.1	934.5
8052.6	958.3
8085.6	966
7653.9	914.6
6954.8	852.6
8140.4	1001.1
8254.1	1018.5
8303	1025.1
8343.8	1030.4
8449.1	1044.8
7967.2	963.3
7273.9	897.7
8311.6	1026.8
8300.3	1037.2
8186.6	1040.6
8116.7	1031.5
8184.9	1037
7713.7	959.3
7147.9	891.4
8305.9	983.8
8470.4	1065.5
8561.6	1086.6
8731.6	1092.2
8849.8	1090.9
8342.8	1028.9
7727.1	957.8
9149	1122
9410.4	1138
9480.9	1149.5
9390.1	1149.5
9132.8	1110.6
8504.3	1025
7820.1	967.6
8962.4	1103.1
8918.9	1102
8795.6	1097.6
8902.4	1103.2
9007.4	1125.1
8541.4	1052.1
7857.7	990.3
9201.7	1127.7
9174.5	1146
9277.4	1168.6
9285.5	1181
9523.2	1183.6
8910.2	1086.5
8138.2	1025.1
9711.2	1190.5
9465.5	1144.4
9398.1	1125
9488.6	1092.8
9640.9	1153.2
9034.8	1126.3
8317.7	1064.1
9828.5	1210.3
9969.5	1216.2
10032	1247.8
10240.2	1245.3
10357	1280.2
9860.8	1206.1
9141.5	1136
10817.6	1315.7
10743.9	1294.1
10459.9	1272.3
10322.5	1280.8
10426.3	1285.3
9633.9	1194.4
8831.1	1124.5
10644.6	1323.1
10776.3	1341
10690.7	1337.3
10707	1333.8
10684.3	1315.7
9938.2	1221.9
9329.3	1149.3
10755.3	1324.9
10766.6	1353.6
10903.8	1376.1
10983	1376.6
10612	1313.2
9735.7	1204.8
8896.8	1144.3
10396.4	1325.6
10462.6	1353.9
10302.6	1348.6
10620.7	1382.1
10693.7	1377
10110.7	1271.2
9204.4	1187
10687.2	1382.2
10793.8	1424.3
11064.3	1423.5
11385.9	1451.4
11386.6	1455.4
10603.5	1371.1
9720	1281.9
11349.5	1475.1
11422.7	1450.7
11052.5	1406.4
10953.3	1401.9
10738	1367
10074.8	1289.5
9636.2	1232.7
10991.7	1411.5
11321.5	1437.1
11413.9	1446.6
11382.9	1456.6
11265.9	1424.3
10338.4	1312.2
9574.9	1238.1
11102.4	1411.1
11287.7	1420.9
11652.6	1450.6
11696.6	1454.9
11513.1	1427.4
10834.8	1346.7
9843.6	1238.1
11021.5	1369
11160.2	1368
11112.8	1363.9
11132	1382.8
11359	1389.6
10229.4	1208.3
9085.9	1127.9
10977.3	1329.9
10679.8	1281.1
10563	1208
10513.6	1240.9
10484.6	1291
9729.4	1211.2
8870.6	1113.3
10324.4	1284.3
10604.1	1321.9
9772.9	1215.8
9848.9	1210.1
10023.4	1234.4
9076.5	1122
8363.2	1050.3
9179.5	1173.8
9270	1175.9
9603.5	1213.5
9887.6	1257.1
10042.9	1284.8
9383.4	1175.9
8430.8	1068.6
9403.4	1187.4
9513.5	1200.5
9504.8	1199.7
9724.8	1206.1
9485.1	1173
8797.5	1081.5
8063.9	1011.4
9062	1112.7
8969.2	1102.5
8901.7	1095.7
8785.9	1094.9
8878.8	1085
8249.1	1014
7547.6	939.9
8633.1	1044.7
7819.4	954.9
9031.8	1106.8
9025.9	1116.8
9005.3	1102.3
8332.5	1006.8
7566.4	922.4
8645	1035.1
8549.7	1026.4
8674.6	1039
8383.6	1005.4
8568.6	1023.9
8031.3	936.7
7311.2	861.1
8390.3	988.6
8258	984
8399	995.7
8352.1	983.2
8253.4	958.1
7614.1	816.5
6728.8	695.9
6373.6	665.1
7634	801
7620.9	792.6
7518.4	781.9
7524.5	782.2
6920.7	696.7
6211.2	618
7357.6	771
7609.2	804.5
7746.5	802.3
7925.6	800.8
7717.8	796
7156.6	690.7
6594.9	637
8020.5	790.2
8311.6	839.6
8395.4	849.4
8211	844.9
8563.6	894.2
8498.6	844.3
7964.8	804.1
9443.5	997.3
9406.5	989.1
9307.1	981.8
9238.9	969.8
9257.7	931.8
8352.9	829.9
7468	746.4
8484.3	877.4
8715.8	908.7
8353	865.4
8263	862.3
8239	851.7
7693.3	763.2
7256.8	739.5
7160.4	770.3
8262.2	853.3
7414.9	774
8654.2	889.3
8852.9	923
7980.1	806.3
7253.7	734.9
8326.7	878.1
8354.6	879.8
8569.1	924.9
9372.8	974.6
9752.3	1007.6
8721.5	858.7
8305.6	822
8973.4	960.1
9300.6	984.7
9349.5	973
9255.4	967.1
8824.5	886
7572	763
7295.7	733.6
7410.6	736
8252.2	859.4
8827.8	902.9
9014.9	942.3
9264.5	933.8
7886.4	789.1
8007.4	785.6
9160.7	915.9
9285.6	940.5
9081.8	899.3
7976.7	765
9061.5	889
8634.1	847.8
7917.4	789.6
9455.1	995
9447.6	985.3
9548.5	965
9537.7	989.6
9583.3	966
9084.5	878
8191.7	796.7
9452.2	813.6
9551.5	970.8
9634.8	1011.2
8765.2	999.1
9616.2	985.8
8984.7	887.9
8298.2	832.2
10224.8	1016.4
10461.2	1013.3
9975.6	1016.6
9730.8	997.9
9453.4	952.6
8661.8	832.2
7899	727.2
9281.1	917.6
9155	922.1
8676.6	892.1
8484.1	894
8569.2	880.2
8165.7	789.8
7602.2	722.5
8901.9	883.8
8780.8	894.2
8863.2	903.3
8700.6	890.5
8743	885.6
8713	843.3
7880.2	747.7
8851.2	894.7
8741	906.5
8728.1	898.6
8695	907.2
8660.7	885.9
7870.9	778.3
7467.3	739.2
8710.1	889.4
9113.9	911.1
8916.7	909.6
8914.7	917.7
8734.9	894.3
8144.6	787.7
7574	717.5
8736.5	878.9
7385.9	747.4
8362.7	861.5
8549.7	874.1
8011.5	780.7
7461.9	725.3
8675.1	867.1
8702.9	840.5
8723.9	883.9
8580.4	873.3
8432.3	840.7
7790.5	743.6
7058.4	674.3
8225	816.9
8557.9	852.7
8267.5	837.7
8413.7	848.4
8412.1	849.2
7859.5	759.4
7539.9	694
8644.4	840.8
8601.6	854.8
8605.9	864.9
8398.7	878.3
8239.7	860
7430.9	740.2
7092.5	705.4
8135.5	825.9
8706.9	911.4
8605.4	887.3
8558.9	871.3
8556.3	868.5
7875.4	775.6
7297.5	707.3
8262.3	801.6
8368.5	872
8547.5	884.9
8466.3	887.2
8498.5	888.7
8271.1	837.1
7431	748.4
8416.7	904.8
8520	908.4
8497.8	912.1
8587.2	912.5
8540.6	912.3
7999.9	778.2
7539.2	773
8012	864.4
8643.8	929.7
8637.9	938.3
8503.3	932.5
7530	827.9
7894	845.7
7188.5	777.2
7245.9	843.5
8274.5	929.3
8425.9	949.3
8512.5	933.2
8463.4	964
7969.9	868.4
7309.5	819.4
7378.2	843.8
8449.5	881.4
8595.9	1009.9
8746.7	1033.9
8822	1044.1
8228.9	979.8
7497.1	925.9
8716.2	1076
8934.1	1087.5
8938.9	1094.9
8932.6	1086.2
8956.9	1106.6
8429.7	1034.9
7715	968.5
8987.8	1114.4
9095.1	1131.1
9177.4	1143
9257.7	1152.6
9327.8	1134.9
8619.1	1045.9
7993	982.4
9072.9	1124.2
9074.6	1142.7
9217.1	1157
9322.4	1177
9398.7	1186.4
8673.5	1072.9
7905.4	1007.7
9503	1180
9734.9	1196.3
9910.7	1232.5
10091.7	1234.4
10116.9	1240.3
9475.3	1157.4
8666.2	1078.2
10337.5	1261.9
9868.3	1198.8
9799.5	1201.4
9803.2	1228.1
10054.4	1244.9
8675.7	1106.9
7721.2	1011.7
9049.2	1114.2
8969.9	1180
9059.2	1174.5
8323.5	1197.8
9554.2	1186.2
9198.1	1138.2
8716.5	1086
9816.4	1250.9
9461.7	1223.2
9409.1	1172
9671.7	1185.9
10294.9	1250
9440.1	1123
8621.4	1099.6
10209.9	1288
10225.4	1317.2
10820.8	1347.6
10853.3	1348.9
10787.2	1355.5
10158.9	1273.6
9576.6	1211
11532.6	1430.3
11349.1	1420.1
11382.5	1409.8
11543.8	1437.2
11864	1471.5
10501.1	1280.9
9376.3	1168.8
11105.5	1387.2
10403.8	1311.3
10157.3	1288.8
10333.1	1307.3
10506.2	1339.9
9850.1	1234.5
8796.2	1132.1
10247.6	1305.7
10563.1	1342.5
10772	1393.3
10950.3	1423.2
11219.8	1428.1
10464.5	1341.5
10001	1292.1
11654.6	1469.5
11665.2	1470.3
11955.7	1489.2
12059.6	1493.8
11848.2	1477.3
10661.9	1325.4
9705.8	1238.6
11342.3	1459
11559	1480.4
11767.6	1502
11935.2	1537.4
11014.1	1420.7
9925.9	1287.9
9027.7	1207.7
9989.5	1311.9
10649.3	1424.9
10927.7	1447.5
11082.9	1472.9
11215.1	1480.7
10733.6	1397.2
9698.1	1301.8
11210.3	1431.3
10137.1	1374.5
11696.4	1508.3
11925.2	1534.7
12066.2	1546.4
11359.5	1468.6
10636.4	1383.2
12434.1	1564.5
12289.4	1548.1
12316.5	1561.2
12372.9	1562.6
12387.1	1575.9
11457.6	1468
10210.9	1295.4
11488.5	1431.7
11552.1	1462.2
11751.4	1480.2
11817.6	1456.6
11488.9	1409.3
10714.9	1300
9651.1	1183.1
10402.9	1296.5
10290.9	1308.6
10435.4	1318.7
10745.9	1293.7
10727.4	1225.4
9809.7	1193.1
8945.4	1132.8
10480.2	1309.7
10630.5	1330
10744.8	1329.9
10805.2	1357.8
10765.9	1382.6
10084.9	1294.3
9275.1	1177
10817.2	1288.8
10781.6	1328.4
10362.9	1275.8
10048.3	1246.8
10096.7	1257.6
9532.9	1175.8
8832.8	1106.3
10340.6	1268.5
10413.3	1283.8
10526.6	1293.3
10451.9	1268.1
10068.9	1237.4
8969.6	1018
8090.2	1001.7
9170.6	1148.9
9418.2	1150.4
9460.1	1156.8
9659.8	1157.8
9563.5	1148.3
8699.6	1029.3
7953.1	967.6
9175	1117.3
9286	1140.2
9364	1147.1
8262.9	1002.5
8977.4	1080.3
8395.9	1026.6
7925.2	944.7
8887.1	1071.8
9013.7	1074.8
8972.7	1068.3
8967.5	1068.8
9014.1	1056
8453	974.2
7941.6	906.4
9126.6	1045.9
9135.8	1056.7
9097.6	1049.3
8986.1	1035.6
8797.1	986.4
8188	859.2
7438.9	764.8
8608.9	888.1
8501.3	864.7
7073.8	674.3
8241.6	811.6
8167.6	813.3
7549.1	705.9
7004.1	651.2
8155.8	809.5
8145.2	810.2
8347.1	822.9
8402.1	833.3
8509.5	830.1
8041.1	745.2
7225.5	673.9
8206.2	807.3
8196.5	816.6
8964.8	889.6
8791	915.2
8872.3	909.5
8388.9	801.8
7721.8	740
8938.2	894.1
8842.4	895.8
8893.8	894.2
9003.6	909.3
8871.8	892.9
8138.7	780.2
7263.5	706.6
8222.2	844.7
8407.6	861.7
8535.3	879.9
8393.3	865.5
8504	866
7898.9	771
7235.9	709.8
8627	865.1
8554.8	864.1
7484.3	753.3
8164.9	800.6
7257.3	721.8
7653.9	737.9
7236.2	703.2
8659.3	866.6
8833.6	889.1
8829.9	881.7
8937.1	887.2
8952.9	915.1
8369.5	822.1
7917.4	761.9
9228.3	912.7
9309.9	931.9
9307.3	934.9
9290	958.1
9226.8	915.3
8617.7	820.5
8438.4	814.2
7607	735.1
7692	734.7
9046.3	888.9
9289.8	905.3
9138.9	901.1
8911.5	874.6
8565.6	873.6
8158.3	802.8
9456.4	952.5
9399.4	946.8
9192.3	936.4
9145.5	910.8
7792.5	751.4
7751.1	776.6
9318.9	957
9532.9	979.8
9421.3	964.4
9189.9	923
9184.8	925.4
8754.1	856
8128.7	781.2
9821.2	965.2
9940.4	985.4
9792.9	812.4
10424.6	1018.6
10332.7	1020.8
8908.2	873.2
8471.8	792.9
9875.2	965
9567.8	964.3
9368.5	952.4
9348.1	940
9376.4	938.2
8723	866.1
8203.4	791.4
10093.1	1018.6
9888.4	1032.8
9824.1	1038.5
10026.3	1046.6
10239.6	1018.7
9268.9	878.5
8578.6	805.2
9512.8	945.7
9711.7	975
9330.4	940.3
9214.5	925.6
9251	957.9
8527.3	852.7
7826.4	781.3
9173.9	937.4
9301.7	958.8
9578.2	977.1
9901.1	967.2
9947.1	979
8863.5	857.9
8614.4	812.6
9941.7	962.8
9915.8	965.9
9896.4	986.4
9779.4	944.5
9700.3	920.8
9778.4	902.6
9182	888.8
10658.6	1104.7
11324.8	1077.6
10808.4	1104.6
9338.1	913.4
9958.9	965.7
8918.2	849.5
8112.2	769.8
9003.2	896.5
8931	885.7
8753.4	873.3
8749.7	885.6
8724	848.4
8092.6	760.2
7251.2	680.6
8481.7	857.8
8568.9	866.9
8700.4	878.8
8705.4	881.9
8859.3	888.1
8201.6	770.9
7476.8	711.3
8578.9	854.2
8606.7	863.5
8597.9	875.9
8515.6	863.3
8379.1	849.3
7913	750.4
6824.8	636.9
8431.4	837.3
8503.2	854.9
8590.4	873
8672.4	889.5
8684.1	893.7
8134.6	807.2
7441.4	734.3
8650.4	895.9
8791.4	908.1
8885.9	922.1
8886.1	929.3
8910.5	938.3
8354.5	859.6
7675.1	779.7
8925.3	959.4
9039.5	984
9040.3	992.8
8244.5	933.7
8054.1	875.8
8440.7	905.5
7769.5	837.4
7980.6	921.9
9030.2	997.2
9343.5	1006.8
9326.5	1022.3
9836.7	1080.3
9223	1025.2
8437.6	897.4
9188.5	1007.9
9173.6	1006.5
9141.1	1019
9063.5	1019.4
9166.2	1043.5
8576.5	956.1
7858.5	878.8
9017.9	1002.5
8436.5	959.4
9519.2	1096
9463.9	1112
9428.2	1126
8821.3	1057.4
8047.5	982.2
9197.6	1150.9
9320.9	1144.7
9373.1	1156.7
9714.7	1208.9
9379.8	1158.9
8760.9	1054.6
8021.5	988.5
9241.5	1155.9
9537.9	1180
9654.2	1184.2
9762.2	1205.7
9648	1180
8968.1	1083.7
8272.6	1032.5
9596.2	1203.6
9708.8	1210.8
9694.7	1217
9838.5	1230.1
9930.6	1230.3
9357.5	1140.8
8706.6	1025.2
9896.2	1421.7
10352.8	1278.1
10330.6	1298.8
10515.7	1320.5
10605.2	1295
9755.2	1200.2
9045.7	1123.4
10440.5	1215.1
10526.4	1306.7
10599.2	1296.7
10521.6	1313.4
10781.7	1321.1
10233.8	1243.1
9328.1	1164.6
10085.1	1260.4
10302.9	1289.8
10539.3	1320.9
10748.8	1347.9
11126.5	1375.1
10387.6	1266.7
9260.3	1145.4
10520.7	1297.3
10616.8	1332
10662.8	1357.9
10853.1	1382.4
11043.1	1413.2
10580.2	1296.4
9933.8	1215.5
12177.7	1425.2
12340.5	1514.2
12452.4	1486
11938.9	1438.6
11814.1	1449.3
11133.5	1359.4
10258.4	1279.6
12194.6	1505.9
12342.6	1524
12455.3	1539.9
12653.8	1562.4
12502	1529
11419.1	1434.1
10548.6	1338.8
12341.9	1526.4
12534.6	1538.5
12677.2	1554.4
12752.5	1558.7
12763.7	1567.1
11869.5	1455.9
10528.4	1319
10919.2	1348.8
11302.7	1449.8
12066.9	1508.1
11488.5	1450.2
11113.7	1403.1
10511.9	1318
9888	1267.2
11806.5	1491.5
12058.6	1510.1
12265.9	1546.8
12541.8	1588.8
12664.9	1614.5
11850.5	1505.1
11068.8	1423.9
13026.5	1646.2
13415.9	1680.1
13520.7	1692.2
13606.3	1719.3
13712.3	1723
12453.7	1553.9
11101	1414.5
12767.4	1609.7
12922.3	1662.3
13266.7	1708.9
13495.2	1727.4
12752.4	1618.2
11608.1	1471
10685.9	1386.2
12374.1	1568.9
12568.5	1625.6
11338.8	1499.7
12923.5	1659
12943.3	1646.4
12102.7	1550.8
11147.5	1466.3
12792	1647.1
12892.2	1631.5
12926.9	1651
12934.6	1648.5
12937.8	1658.5
12206.1	1559.8
11203	1463.1
12964.3	1651.9
12941.4	1661.9
13299.5	1677.3
12938	1615.9
12201.5	1461.5
11018.2	1335.6
9744	1221.4
11386.7	1421.7
11975	1460.5
11477.7	1425.5
11499.2	1418.6
10485.5	1344.6
10348.5	1269.2
9659.9	1250
10763.1	1352.8
10465.4	1337.5
10627	1344.1
10975.5	1417.3
11127.2	1408
10059	1254
9304.3	1177.1
10512.2	1322.2
10112.4	1290.2
10163.5	1314
10476.5	1337
10744.3	1356.6
10187.4	1269.3
9240.5	1170.7
10687.9	1337.5
10498.9	1309.3
10394.6	1302.1
10495.6	1295.3
10609.7	1310.8
9878.4	1214.5
9022	1129.4
10639.5	1308.8
10872.1	1332.2
11103.6	1389.6
10860.7	1369.6
10664.7	1341.5
9953.6	1215.7
8746.1	1131.8
10371.5	1291.2
10387.7	1274.9
10417.4	1265
10611.4	1298.9
9598.7	1154.5
9679.6	1179.4
8782.1	1079.9
10155.4	1240.4
10215.7	1239
10093.7	1225.2
10305.8	1253.3
10209.3	1232.1
9517.7	1141.9
8429.4	1017.9
9760.2	1176.7
9880.2	1182.6
9740.7	1156.7
9590.5	1134.8
9587.6	1104.4
8923.5	972
8001.6	873.8
9398	1010
9354.4	995.2
9294	983.2
7600.3	736.4
8511.9	844.5
7973.9	771
7153	703
8601	856.3
8626.1	884.8
8604	868.8
8591.9	880.6
9081.1	911.3
8975.1	870.6
6882.9	752.6
9212.4	1007.6
9150.3	992.6
10123.2	1077
10180.6	1061.4
9765.5	987.7
8602.5	853.6
7783.8	767.4
9521.5	970.6
9639.9	1004.4
9740.8	1038.6
9557.9	1016.7
9521.5	999.5
9122.9	940.5
8345.6	846.3
9685.6	997.4
9859.3	1031.5
9722.1	1015.9
9890.8	1023.7
9811.6	998.4
8909	880.5
8262.9	808.9
9575.3	947.9
9560.4	976.5
9501.2	960.8
8278.9	818.4
9366.2	904
8614.7	837.9
8495.2	832.5
10113.3	1026.5
10386.1	1058.5
10366.9	1064.8
10609.2	1091.2
11198.6	1118
10515.7	1035.9
9922.1	958.2
10977.6	1114.5
11075.6	1129.8
11078.9	1151.1
11051.3	1159.5
10775	1139.3
10513.6	1039.6
10154.2	1014.1
10729.7	1124.2
9601	978
9511.3	975.7
10844.4	1105.9
10791.1	1079.5
9960.4	985.7
8941.4	897.1
10013.3	1041.6
9022.5	906.6
10687.2	1111.5
10241.7	1098.9
10591.6	1111.3
9531.7	956.6
8923.2	902.9
10625.5	1116.9
10987.9	1139.6
10622.5	1117
10673.5	1113.3
10407.6	1091.3
9472.1	960.6
9108.3	919.5
10302.1	1096.5
10389.8	1098.5
10505.3	1129.3
10442.9	916.5
10587.7	1030.2
10064.3	984.2
8991	894.2
9715.2	1081.3
10374.8	1091.2
10679.1	1080.6
10077	1055
9776.6	1015.1
9133	909.9
8432.8	838.3
9998.1	1026.8
10135.1	1030.5
10220.4	1037.6
10022.4	1030.7
9802.2	1004.7
9150.8	896.7
8509.3	846.1
9867.6	1015.9
10029.2	1035.2
10162.6	1069.8
10084.5	1049.9
9997.1	1031.7
9340.1	904.2
8498	829
9973.3	992.9
10102.1	966
10411.7	1005.4
10236.7	1062.4
10609.2	1068.3
9987	949.1
9209.2	883.7
10692.7	1049.3
10708.8	1064.2
10613.4	1042.1
10332	1058.1
10221.2	1069.8
9440.2	923.9
8471	835.2
9644.8	989.9
9595.6	1003.5
9401.5	972.7
9321.2	956.6
8434.5	818.2
8814	841.6
8322.5	789.6
10300.7	993.4
10374.8	1008.7
10580	1042.3
11048.2	1105.8
10696.9	1039.4
9813.6	919.1
8611.4	809.5
10112.4	975.9
9868.4	980.8
9585.3	957.7
9542.7	949.8
9545.7	936.5
9101.3	857.1
8388.4	781
9498.5	935.3
9375.2	928.6
9403.8	923.1
9337.1	906.9
9326.7	900.6
8801	832.6
8283.4	779.4
9634.2	966.6
9854.5	1011.9
9857.5	1017.6
9635.5	968
10008.2	997.1
9813.6	1004.4
8750.8	863.2
8765.7	860.6
10867.7	1084.5
10502.3	1081.7
10840.6	1125.4
9784	1000.7
9254	895
8459.4	828.7
9382.2	984.8
9208.9	962.2
9329	965
9472.8	988.4
9942.2	1035.2
9181.8	923.2
8483.7	814.2
9987.2	1005.5
9841.1	989.7
9569.3	990.5
9339.7	981.4
9264.5	959.9
8584.3	856.9
7908.2	795.4
9024.1	951.5
9031.3	978.8
9043.4	991.2
9039.6	999.1
9055.5	1012.9
8398.1	921.3
7645.8	847.7
8891.9	1010.7
8929.2	1026.3
7850.7	935.1
9395.4	1100.6
9771.9	1156.1
8753.1	1044.7
8209.7	1001.9
10200.7	1228.5
10749.8	1307.1
10139.5	1240.6
9719	1202.7
9571.2	1197.7
9288.1	1142
8209.1	1038.4
9276.8	1161.7
9364.3	1174.4
9505.3	1184.1
9540.1	1193.8
9681.4	1200.4
8912.7	1101
8143.1	1024.9
9486.1	1140.8
9612.3	1200.6
9779.6	1222.9
9710	1220.3
9715.9	1199.3
9123.8	1131.9
8384.8	1060
9588	1215
9770.6	1227.6
9909.6	1243.2
10096.5	1255.7
10349.5	1272.5
9786	1191.8
9105.8	1131
10828.6	1309.2
10772.3	1318.9
10584.7	1308.8
10226.7	1271.9
10162.8	1285.5
9425	1195.1
8475.6	1076.8
10150.6	1241.5
10406.4	1269.2
10558.8	1300.3
10756.8	1294.9
11030.4	1351.9
10430	1272.2
9705.4	1186.4
11671	1419.7
12062.6	1449.3
12124.6	1468.6
11486.7	1441.3
12244.5	1489.2
11546.8	1397.9
10652.6	1312.6
12629.2	1436
12743.9	1454.9
12877	1513.3
12897.5	1543.7
12779.3	1508.2
11409.1	1350.7
10308	1248.3
11905.1	1446.6
12139.7	1465.5
12404.5	1502.8
12201.5	1465.3
12143.8	1456.5
11227.7	1366.4
10181.9	1271.9
12145.2	1480.5
12530.8	1532.1
12793.6	1568.5
12271.7	1572.8
12565	1567.1
11018.4	1388.7
9282.4	1209.8
11349.4	1264
11287	1394.8
11745.5	1451.6
12041.8	1489.4
12159.4	1517
11264.3	1418.1
10708.3	1349.6
12699.3	1617.6
13182	1639.8
12973.3	1560.5
11276.4	1398.9
12712.4	1489.7
11866	1452.2
11038.9	1376.3
12926.5	1622
13148	1639.8
12932.1	1598.2
12529.2	1561.2
12563.9	1587.3
12053.7	1524.7
11311.4	1460.5
13186	1688.7
13265.2	1648.6
12571.9	1592.2
12481.9	1588.6
11988	1596
10445.1	1398.2
9448	1293.4
11185.6	1471.4
11620.9	1504.1
11875.6	1551.5
10764.6	1400.2
12331.3	1574.4
11804.3	1538.2
10869.2	1460.5
12782.9	1643.6
12907	1657.7
12880.8	1659.3
12431.7	1636.6
12595	1604.9
11066.6	1444.1
10108.4	1332.2
11566.5	1519.9
11246.5	1485.6
11053.3	1430.1
11257.2	1456
11597	1465.1
10867	1381
9975.8	1296
11608.4	1473.1
11858.5	1486.3
11976.3	1516.9
11995.3	1506.2
11550.3	1428.7
10715.8	1328.5
10147.3	1293
11956.6	1444.1
11929	1470.4
11908.7	1446.2
11872	1429.9
11485.4	1367.8
10481.6	1265.6
9579	1184.7
11236.6	1361.6
11601.9	1400.3
11857.2	1449.4
12083	1483
12153.9	1492.8
11093.7	1345.8
9911.8	1146.6
10960.5	1308.4
10394.1	1280.8
10281.7	1283.7
10378.1	1266.9
10389.8	1259.7
9656.5	1170.3
8881.3	1100.3
10365.1	1267.9
10402	1251.1
10454.3	1258.6
10394.7	1252.9
10275	1222.5
9611.4	1127.9
8885.2	1067.3
10286.2	1207.4
10540.2	1244.8
10382.4	1245.8
10059.4	1214
9973.3	1196.3
9099.4	1073.7
8483.8	1023.3
10008.3	1167.6
10220.6	1193.8
10269.4	1218.9
10173.6	1194.7
9893.1	1149
9180.8	1054.7
8484.2	990.1
9926.9	1173.2
9860.2	1149.9
9868.1	1139.6
9747	1134.5
9734.3	1109
9057.8	1003.7
8228.7	893.5
9490.7	1013.1
9514.7	1003.4
9446.5	986.5
9314.7	965
7876.6	774
8200.8	793.7
7507.9	736
8917.2	893.8
8841	890.2
8868.6	902.7
9039.9	918.2
9054.9	917.3
8366.2	815.5
7485.3	729.8
8720.4	887.7
8896.1	904.4
8889.5	902.9
9041.3	914.9
9169.7	907.3
8281.4	797.2
7710.5	736.3
8969.5	897.2
8916.3	896
9254.5	920.1
9456.9	945.4
9091.3	907
8421.5	809.3
7867.8	751.4
9700.7	969.7
9386.7	961.4
9381.5	944.5
9364.5	959.6
9277.6	942.3
8687.7	872.3
8246.6	813.2
9592.1	1011.9
9795.1	1020.1
9803	1040.2
10460.6	1122.9
9308.1	1013.1
9585.2	971.9
9195.7	914.5
10459.9	1091.6
10488.5	1101.5
10192.5	1073.9
9949.7	1044.5
9945.8	1036.1
9444.6	953.2
8505.7	857.8
10127.2	1044.1
10132.7	1055.3
9809	1045.2
10055	1046.1
10011.9	1045.8
9071.6	930.7
8610.4	852.7
9454.3	957.4
9179.3	941.7
7832.2	797.7
7857.6	800.6
9175.2	923.4
8847.1	895.2
8238.8	834.7
9680.8	979.3
9341.9	982.4
8141.1	835.8
9541.9	980.5
9321.8	961.8
8725.3	900.4
8309.1	833.9
8615.1	880.1
10182.1	1087.7
10395.9	1107.2
10717.8	1143.5
11424.9	1198.1
10439.5	1130.8
9952.8	1032
11812.1	1258.4
12065.1	1291.3
11743.4	1246.6
11757.8	1222.2
11076.5	1014.3
10302.4	1015.2
9513.8	944.6
9922.4	1100.8
10788.7	1128.8
10383.4	1073.3
10392.5	1110.8
10939.8	1150.3
9896.4	1022.4
9474.9	976.1
11193.7	1179.8
10489.8	1106.6
10938.7	1147.1
11252.8	1194.4
12310.4	1300.5
11148.5	1162.3
10185	1016.9
11198.7	1115.8
11409.9	1156.7
11261.3	1172.1
11576.9	1221.1
11650.9	1200.3
10818.3	1082.4
9838.2	1002.7
12043.2	1259.2
11586.9	1216.6
11781.7	1217.4
11837.5	1199.2
12075.3	1228.6
11826.1	1140.7
10427.5	1028.7
12872.8	1334.7
13235.8	1393
12850.4	1316.9
12177	1236.2
11737.1	1212.8
10902.6	1074.8
9774.6	969.9
11246.9	1151.9
11440.7	1183.9
11167	1166.3
11096.2	1163.6
10727.1	1091.2
9521.7	932.3
9037.2	882.6
10498.6	1073.1
10085.9	973.9
10072.1	1038.2
10162.4	1046
10103.5	1020.8
9586	933.3
8642.9	848.3
10047.8	1011.2
10038	1025.2
9896.2	998.6
9933.5	1000.1
9940.1	1003.2
9231.6	906.3
8642.2	852.9
10129.6	1024.3
10290.9	1033.9
10395.5	1053.3
10242.6	1038.2
10116.3	1014.8
9477.8	927.9
8485.3	841.3
9905	1009.8
9976.8	1018.2
9921.3	1025
9794.8	1011.4
9803.8	1018.1
8928.6	899.4
8370.6	853.4
9660	985.2
9590.9	977.9
10006.3	1034.4
10727.7	1171.8
10593.6	1182.9
9612	994.1
8907.5	876.7
9965.6	1038.4
10385.1	1122
10171.3	1075.4
10014.9	1069.8
9979.3	1062.8
9294.7	954.5
8426.5	869.6
10084.4	1102.6
10648.4	1125.4
10545.3	1102.9
9285.8	1003.7
8716.2	918.4
9434.2	979.2
8550	887
8712.6	940.3
9856.4	1037.5
9873.2	1057.9
9863.1	1063.9
9750.2	1057.6
9121.6	974.7
8230.6	882.8
9578.2	1052
9725.6	1096.8
9833.1	1115.6
8659.9	991.7
9710	1112.6
9066.7	1057
8358.3	1007.7
9870.8	1182.4
10071.9	1215
9931.9	1208.3
9832.5	1213.3
9883.7	1216.8
9259	1131.6
8451.2	1061.8
9900.7	1214
10081.8	1239.7
9988.6	1236.3
9939.7	1239.4
9994.1	1249.8
9407.7	1174.6
8574.7	1084.2
10068.7	1262.3
10097.1	1263.1
10129.8	1264.5
10177.1	1266.9
10379.9	1282.8
9741.9	1199.2
8941	1129.7
9969.5	1249.8
10118.3	1280.9
10298.6	1264.1
10485.1	1276.5
10785.8	1297.8
10183.8	1225.9
9390	1160.8
11153.3	1361
11343.7	1392.3
11630.2	1420.4
11703.3	1419.4
11824.7	1425.5
10936	1314.4
10052.6	1241.5
12071.5	1419.6
12281.9	1500.2
12554.8	1523.5
12933.6	1542.1
13293.1	1579.9
12199.6	1462.3
11469.4	1390.8
13681.3	1640.2
13790.3	1671
13742.7	1612.2
13518	1565.1
13637.4	1608.8
12671.7	1519.8
11701.2	1441.8
14299.3	1628.6
14732.4	1619
15017.8	1677.7
14859	1733.1
14500.5	1703.5
13119.6	1566.7
11990.9	1477.4
14075.1	1741.1
14162.1	1724.3
14913.2	1720.5
13759.8	1668.1
13352.2	1594.8
12268.9	1480.6
11419.8	1398.4
13621.5	1662.4
13989.9	1728.8
14067.1	1763.4
14455.8	1772.7
14582.6	1790.5
13484.9	1679.3
12524.4	1592.3
14740.5	1838.2
14922.3	1867
15052.3	1866.5
14814.7	1827.3
15045.9	1808
14048.9	1713.7
13150.6	1633.7
11564.4	1893.5
16237.6	1962
16044.3	1940.5
15517.5	1887.8
15149.6	1845.8
14464.1	1415.2
13439.9	1677.3
15076.9	1844.3
14876.2	1809.2
14771.4	1842.8
15193.4	1853.3
14864.1	1783.5
14010.8	1721.3
13044.8	1620.8
14879.7	1872.4
15226	1906.7
15395.2	1918.8
15347.6	1935.4
15409.4	1947.6
14517.1	1831.4
13564.4	1736.8
15290.9	1942.7
15298.4	1948
15321.4	1950.1
15394.5	1976.3
14152.2	1847
14680.1	1864.2
13674.1	1770.6
15606.9	1986.3
16066.2	1992.1
15705.3	1956.1
15352.4	1945.9
15642.2	1938.5
14782	1820.2
13968.1	1768
15508.4	1922.7
15326.1	1913.9
15523.6	1930.4
15348.2	1911.8
14862.8	1856.4
13646.5	1698.2
12520.6	1553.2
14343.1	1553.7
13472.1	1599.1
12039.4	1518.8
12617.9	1590.4
12958.2	1624.8
11984.1	1473.8
10858.7	1318.7
12478.1	1371.4
12040.8	1394.3
12048.8	1446.5
12006.6	1479.2
12235.4	1476.8
11259.8	1340.2
10086.9	1252.5
11431.4	1401.9
11462.5	1416.5
11419.1	1408.2
11640.6	1422
11740	1439.5
11101.6	1349.5
10325.5	1270.5
12097.5	1441.7
11666.1	1392.2
11499.4	1383.7
11448.1	1380.1
11413.1	1369.9
10603.2	1253.9
9986.5	1189.1
11461.9	1354.1
11626.1	1389.9
11854	1422.4
12156	1436.7
11843.9	1423.4
10676.7	1268.2
9524.5	1134.6
10614.4	1261.2
10674.7	1275.9
10821.7	1287.8
10897.1	1299.8
10834.6	1290.1
10219.3	1187
9367.8	1105.5
10780.1	1277.6
10627.2	1260.2
10728.4	1232.3
10674.3	1251.3
10404.8	1243.6
9761	1115.5
8959.5	1026.2
10154.7	1186.5
10278.5	1196.8
10325.4	1202.9
10100.7	1170.2
10134.6	1171.8
10041.3	1128.5
9295.8	1035.3
10461.8	1181.4
10243.2	1148.2
10153.5	1134.4
10016.4	1121.2
10149.8	1107.9
8950.6	884
8275.9	819.9
9504.9	980.1
9566.7	980.6
9555.7	984.2
9671.9	983
9447.7	969.7
8867	856.6
8180.3	793.2
9327.5	954.3
9322.3	977.3
9482.7	984.1
9262.1	975.1
9362.3	981.9
8748	875.5
8362.3	810.9
9693.3	997.6
9768.4	1013.5
9611.7	1014.3
9511.2	1001.4
9370.6	984.5
8814.6	889.4
8204.9	810.5
9402.8	968.2
10199.8	1066.9
9877.2	1018.8
10084.2	1057.2
10118.1	1049.6
9329.5	940.5
8645.1	869.3
10280.2	1064
10596	1112.6
11049	1167.1
11020	1137.7
10537.5	1080.6
9410.4	949.7
8962.7	914.6
9223.4	942.3
10716.1	1165.9
11153.7	1209.1
11006.6	1201
10833.2	1160.8
9819.5	1011.1
9079.5	934
10523	1154.7
10791.7	1163.1
11011.7	1177.5
10837.4	1172.4
10724.2	1156.6
9874.4	1013.4
9371.9	956.6
11005.7	1169.6
11417.4	1275
11482.3	1203.1
9945.5	1007.6
9849.2	993.6
10420.7	1037.7
9999.6	1027
11458.5	1171.8
11342.8	1155.3
11361.4	1190.9
10112.7	1028.2
11186.6	1147.8
10697.4	1114
10212.3	1048.3
11443.7	1141.5
10151.8	1015.6
11741.6	1204.9
11676.6	1192.9
10975.4	1155.4
9661.1	996.1
9048.3	921.5
10716.3	1112.2
10483	1095.5
10249.3	1079.3
10424.4	1114.3
10622.5	1090.9
9700.2	935.8
9594.2	982
11358.9	1272.3
11195	1291.1
11622.5	1226.9
11447.4	1215.2
11325.6	1189.1
10987	1121.4
9982.6	1042.8
10960.2	1156.4
10653	1146.9
11423.7	1244.8
11367.3	1235.8
11718.5	1226.6
10774	1094
9683.6	993.8
11341.8	1168.2
11490.7	1166.8
11337.3	1164.4
11081.9	1162.3
11147.6	1166.7
10185.3	1055
9433.7	988.5
10968.7	1150.1
11306.4	1197.7
11460.6	1167.3
11469.2	1154.3
11393.2	1144.2
10614.5	1036.9
9872.4	955.4
11847.2	1207.4
12637.7	1288.2
12338	1258.8
12899	1318.6
12946.5	1304.8
10999	1098.6
9970	970.6
11431.6	1146.6
12245.3	1147.6
12311.2	1237.7
12049.4	1232.1
12101.5	1245
11724.6	1164.1
11056.1	1111.9
11681.2	1202
13506.6	1416.3
12933.3	1345.3
12430.2	1271.6
11888.9	1214.4
10516.1	1019.7
10035.2	992.5
11460.6	1195.5
11708.2	1229.5
12491.4	1297.2
11888.5	1214.3
11012.9	1136.3
10345.3	1013.1
9594.3	956.7
11280	1120.9
11198.9	1107.7
10982.3	1111.8
10913.3	1121.8
10993.5	1127.3
9867.7	967.8
9036.3	878.5
11012.3	1113.6
11055	1165.7
11083.2	1157.5
11710.9	1165.5
11569.2	1141
11087.1	1051.4
10537	997.9
12272.6	1215
11379.9	1101.9
10823	1084.5
10688.1	1081.7
10734.7	1073.4
9909.6	947.5
9095.3	892.3
10541.3	1052.3
10582.1	1068.4
10823	1084.5
10080	1043.7
10328.6	1029.8
11018.8	1069.4
10559.6	997
10256.7	1103.2
11334.8	1187.6
11450.3	1170.7
11425.3	1182.2
11545.3	1146.8
10204.1	1037.4
9268.6	908
10643	1090.3
10423.5	1085.2
10297.2	1078.2
10501.9	1081.9
10733.1	1097.9
9556.3	943.8
8586.4	871.7
9855.6	1053.7
9991.3	1069.1
10347.7	1089.4
10423.2	1127.6
10255.7	1123.1
9116.9	1027.6
9048.3	1010.2
10830.9	1178.7
10899.9	1244.2
10980	1263.2
10631.7	1233.2
10510.7	1245.7
9916	1189.3
9157.3	1122.1
10464.2	1278.6
10875.7	1305.4
11232.4	1321.3
10647.8	1286.3
10458.8	1272.4
9862	1189.7
8993.3	1113.2
10280.5	1259.1
10381.8	1273.9
10475	1282.4
10499.3	1272
10560.4	1286
9945.7	1201.2
9047.4	1105.6
10447.2	1264.7
10717.4	1310.8
10751.7	1333.1
10595.8	1311
10689.4	1314.9
10123.6	1228.3
9304.5	1146.7
10876.9	1281.4
11163.4	1361.4
11376.8	1372.7
11285.4	1371.6
11412	1384
10656	1297
9797	1218
11520	1393
11711	1418
11838	1438
11974	1445
12110	1449
11330	1376
10328	1264
11307	1403
11089	1402
11041	1401
11641	1444
12060	1496
11266	1385
10267	1259
12024	1468
12373	1503
12645	1487
12996.1	1469.7
13058.7	1507.3
12138.2	1467.5
11493.3	1406.1
13944	1667.5
14248.8	1681.5
14343.4	1718.3
14549.1	1735.7
13940.5	1630.5
12496.3	1473.4
11576.7	1406.4
13872.1	1665.3
14452.1	1700.2
14849.1	1753.9
14265.7	1725.6
13369.9	1615.6
12327.1	1464.5
11195.2	1387.2
12225.2	1524.9
12217.6	1514
12231.9	1510.5
12536.4	1579.7
12850	1601
12075	1500
11744	1454
14081	1735
14384	1783
14721	1795
15078	1830
15516	1883
14637	1703
13063	1559
14890.3	1750.9
15009.4	1763
14972.3	1804.9
14640	1804.7
14739.2	1798.6
13970.2	1719
12937.2	1633.1
14845.7	1880.5
15186.7	1835
15314.7	1922.4
14544.4	1859.8
14787.6	1859.2
13894.1	1735.3
13236.2	1682.9
15669.4	1976.5
15857.1	1990.4
15537.4	2062.1
15521.3	1973.9
15542.7	1909.6
14341.2	1790
13411.7	1695.6
15044.3	1911.5
15471.9	1965.5
15816.7	1953
15964.5	1974.4
15664.9	1945
14341.2	1790
12517.9	1600.4
14691.7	1789
15416.5	1892.1
15281.6	1809.4
14621.9	1702.6
14044.5	1685.3
13324.9	1625
12298.2	1525.5
14174.566	1709.152
14207.8	1714.8
14539.9	1731.2
14868	1760.2
15305.1203	1808.296
14719.0517	1734.178
13928.3	1614.5
15849	1765.4
15219.5	1662
14965.7	1597.9
14660.9	1625.1
14428.9	1658.6
13365	1578.5
12770	1511.3
14757.6	1735.6
15047.1	1771.9
13708.9	1488
12756.5	1546
12441	1512
11462.5	1388.2
10774.3	1304.3
12652.3	1529.7
12863.1	1527.5
12862.1	1526.6
12809.2	1540.1
12726.2	1530.2
11141.2	1286.3
10041.1	1192
11552.3	1363.4
11693.7	1412.1
11874.6	1421.2
11977.7	1439.1
12069.1	1425.3
11168.4	1318.4
10254	1224.6
12165.6	1414.7
12442.2	1440.7
12599	1465.5
12710.4	1474.6
12615.9	1458.1
11672.6	1344.6
10091.7	1155.8
11401.5	1282.3
9967.8	1126.5
10944.9	1262.5
11111.6	1273
10978	1259.3
10211	1130
9447.1	1061
11004.6	1230.2
11284.7	1250.3
11624.5	1269.9
11665.6	1304.5
11542.6	1288.8
10734	1179.5
9760	1079
11442.3	1245.9
10917.7	1193.8
10718.2	1158.1
10791.2	1170
10638.2	1128.8
9805.5	1013.5
8671.8	867.5
8870.9	850.5
10170.3	1008.5
10223	1012.6
10282.6	1024.3
10384.4	1013.6
9260.3	866.3
8949.3	783.6
9997.4	968.1
10163.9	1044.8
10542.3	1072.2
11114.9	1119.6
11013.5	1135
10350.7927	1071.72
9746.6127	1054.92
11742.7	1237.4
11671.9	1226.5
11808.6	1210.7
11440.3	1135.2
11156.7	1109.5
10504.7	988.9
9330	934.3
10662.7	1106.7
10665.4	1126.2
10695.9	1134.6
10859.4	1171.9
10895.9	1128.9
10208.9	1028.8
9478.4	961
11661.8	1207.7
11373.7	1187.1
11232.8	1184.9
10893.3	1149.9
10956.3	1122
10016	991.2
9142.6	892.3
9742.6	951.1
10655.1	1043.7
9423.4	963
10947	1125.8
10688.6	1094.7
9960.9	1006.5
9301.7	941
10826.1	1113.1
10953.5	1140.8
10974.5	1144.4
10982.7	1154.3
10921.2	1144.2
10175.7	1047.5
9529	962.2
10923.1	1150.1
11369.7	1178.7
11597.2	1189.8
11747.9	1209.5
11401.7	1134.6
10174.7	1005.4
10876.5	1069.6
11190.3	1105.1
12830.1	1252.9
12782.8	1333.4
12593	1239.4
12399.3	1233
10425.4	1023
10376.1	1001.5
11822.7	1188.9
11961.1	1239.5
11966.2	1203.2
10482.8	1023.9
11818.5	1158.5
11064.6	1090.2
10616.4	1038.9
12217.7	1235.7
12350.9	1240
12250.9	1236.8
12074.9	1226.3
11982.3	1223.9
11241.8	1111.8
10540.6	1051.3
12314.6	1058.8
12316.7	1220.1
12081.4	1297.6
10954.8	1244.8
11406.4	1199
10722.3	1082.4
10109.3	1039.4
13124.5	1309
14084.8	1447.9
15015.4	1583.5
15045.5	1593.4
14892.2	1552.6
13953.1	1430.9
12726.4	1303.2
14597.5	1526.8
14196.2	1435.6
13880.2	1438.3
13764.8	1386.3
13373.3	1339.3
12558.4	1219.8
11764.9	1165.5
12951.6	1290.5
13548.9	1294.1
13201.7	1289.1
12847.6	1288
12636.3	1237.5
11606.1	1124
10255.6	988.2
12552.9	1354.1
12735.9	1376
13675.3	1456.9
14416.8	1450.7
13942.4	1448.7
13075.3	1286.5
12206.4	1291.3
14252	1473.2
14463.8	1524.7
14578.9	1527.2
14054.2	1516.2
14337.9	1487.2
12729.8	1301.9
11968.8	1206.4
14670.1	1498.8
13537.4	1346.4
14533.3	1501.9
13784.7	1439.3
14237.7	1427.9
12905	1312.4
12294.6	1270.4
14222.6	1493.6
14159.309	1571.307
13877.5	1435.6
13521.2	1424.9
13574.6	1373.3
12380.8	1198.6
11508.5	1119.1
12524.4	1271.5
12348.4	1244.8
11749.4	1226.9
11437.7	1194.3
11218.9	1168.4
10491.5	1050.3
9877.5	960.8
11586.8	1199.4
11202.1	1176
11089.3	1178.2
10252.8	1093.4
9760.7	994.9
10281.6	1043.6
9070.8	905.4
9384.7	995.5
10423	1061.9
10486.6	1071.5
10413	1058.6
10416	1049.7
10010.1	971.2
9390.4	890.1
10556.2	1082.2
10642.1	1088.3
10583.1	1090.7
10562.9	1088.9
10821.4	1082.8
10774.3	1022.1
10351.2	1099.5
11443.2	1316.4
11074.4	1210.4
10829.3	1148.1
10766.4678	1136.063
10918.4364	1127.115
10218.8119	997.587
9563.3752	918.334
10550.3817	1104.681
10410.68484	1089.459
10603.2573	1099.996
10628.183	1123.068
10585.4594	1097.237
9884.2917	977.378
9191.6871	931.093
10433.7948	1085.677
10544.7091	1115.312
10619.9477	1130.4
10585.1424	1137.994
10610.7935	1142.614
9979.3935	1058.382
9187.8831	1000.253
9491.021	1040.712
11035.6442	1212.243
11072.1556	1222.853
11079.6422	1222.707
10915.0716	1218.697
10217.8226	1157.135
9420.077	1092.72
11075.5267	1275.021
11242.6006	1298.06
11195.205	1301.405
11144.802	1325.02
11329.49	1313.21
10576.08	1205.93
9750.71	1139.97
11098.14	1272.74
11083.95	1283.83
11050.59	1298.15
11129.33	1319.84
11158.3	1337.42
10516.29	1245.65
9787.01	1177.91
11243.69	1294.25
11307.46	1359.21
11492.32	1394.31
11507.19	1396.18
11663.71	1405.99
10993.79	1319.83
10202.75	1255
11899.26	1406.85
11796.45905	1365.548
11828.04009	1378.893
12049.49	1409.34
12309.06	1449.25
11515.74	1334.02
10368.81	1219.31
12196.18	1417.1
12452.25	1424.01
12591.44	1443.49
12322.27	1447.57
12303.52	1440.64
11583.74	1340.21
10930.84	1287.91
12753.82	1506.59
13066.37	1524.82
12951.67	1522.83
13115.87	1494.73
13276.8	1540.71
12326	1470.3
11474.2	1382.43
13885.9	1648.78
14177.85	1696.28
14508.91	1747.05
14875.12	1731.32
14923.93	1708.18
13923.33	1640.96
12970.32	1570.71
15607.23	1844.65
16118.87	1904.238
16161.908	1923.979
15841.95	1840.93
15432.78	1760.49
13851.27	1556.16
12885.59	1561.63
15245.79	1815.09
14480.18	1654.9
14350.39	1696.45
14386.9	1697.59
13782	1599.42
12781.85	1513.83
11537.24	1399.86
13610.13	1673.83
14310.87	1748.76
14633.42	1789.21
15024	1825.34
15318.06	1850.32
14871.5	1743.16
14184.12	1690.22
16411.81	1952.95
15523.63	1824.66
15306.36	1831.87
15371.41	1838.72
15254.5	1865.6
14356.38	1729.83
13350.01	1645.68
15707.47	1911.38
16080.91	1962.8
16107.15744	1967.487
16377.03	2025.03
16644.46	2034.37
15417.36	1820.11
13475.61	1610.99
15268.38	1818.28
14431.41	1751.95
14250.85	1771.27
14529.09	1800.28
14683.74	1803.68
13970.52	1741.03
12896	1656.18
15035.97	1851.24
15422.81	1878.42
15884.13	1957.61
15653.31	1956
14988.83	1884.8
14038.17	1796.59
13113.14	1690.21
13505.84	1675.08
14763.78	1824.55
15099.55	1849.45
15370.33	1891.21
15204.43	1833.48
13005.58	1612.32
11007.18	1426.54
12891.34	1657.69
13120.25	1677.5
13493.09	1690.57
13731.11	1739.8
14104.4	1774.04
13360.66	1684.65
12321.32	1517.17
14022.59	1706.6
14089.7	1733.97
14195.9	1757.68
14437.44	1767.74
14633.89	1769.4
13530.78	1639.82
12485.2	1545.02
14680.88	1768.16
14459.06	1771.89
13317.92	1582.465
12924.14	1469.39
13195.77	1556.48
12697.6	1523.76
11263.43	1411.89
12658.16	1577.1
12745.34	1570.07
12853.02	1567.21
12918	1604.27
13114.63	1624.28
11993.44	1419.72
10319.67	1224.52
11617.24	1417.78
11650.14	1424.09
11872.63	1438.32
11969.32	1462.92
11992.36	1465.85
11354.82	1362.94
10544.23	1281.54
11901.74	1452.48
12171.72	1465.56
12252.46	1467.59
12277.79	1459.48
12250.82	1408.64
11292.24	1304.87
10338.05	1183.19
11342.62	1319.61
11376.97	1343.93
11535.84216	1398.779
11626.97	1370.2
11373.97	1349.12
10648.37	1231.99
9833.88	1148.49
11401.16	1318.2
11585.98	1322.47
10286.8	1140.23
11577.16	1334.3
11643.96	1328.06
10832.83	1199.89
10060.39	1118.69
11656.78	1306.52
11841.77	1301.17
11662.43	1313.35
11606.04	1279.9
11439.5	1242.78
10642.35	1126.8
9785.82	1034.53
11194.21	1197.48
11191.69	1219.63
11223.37	1214.37
11385.84	1192.58
11252.42	1172.97
10363.78	1037.62
9343.57	960.53
10469.1	1064.47
8821.17	875.09
10030.79	1038.86
10191.11	1041.21
10223.91	1030.87
9487.49	877.21
8456.38	810.14
9965.55	1000.76
10057.15	1015.48
10167.29	1017.45
10284.711	1018.525
10214.8	1003.21
9817.49	935.26
9133.215	829.695
10684.19	1026.52
10709.53	1038.59
10663.66	1046.32
10662.69	1076.5
11125.96	1092.24
10300.22	961.35
9644.93	889.8
10844.39674	1071.983
10997.41025	1087.042
11687.015	1170.415
12154.27	1288.01
12149.0735	1255.593
11543.111	1108.501
10776.73	1078.18
12279.73	1276.01
12335.23	1302.44
12700.79	1279.64
12748.12	1350.58
12704.97	1279.46
10979.17	1100.26
10417.8	1025.84
11396.14	1167.08
10266.14	1086.59
11302.67	1202.1
10785.9	1108.48
12011.04	1205.76
11724.52	1193.02
11169.21	1117.25
13200.0415	1373.791
13460.08	1404.72
13138.1	1389.9
13399.78	1376.87
13148.67	1358.19
12046.27	1230.39
11937.16	1160.98
13305.61	1387.34
13354.75	1379.84
13115.18	1381.8
13312.65	1381.67
13189.47	1360.65
12557.5	1265.08
11557.33	1146.86
11510.64	1143.35
13461.08	1383.6
13541.5	1425.85
13917.70488	1448.692
13524.79	1416.79
12407.03	1262.66
11019.75876	1122.916
12700.535	1313.345
12933.13	1391.4
13688.15	1397.11
13708.21	1369.09
12150.2	1189.93
12397.01	1188.65
11372.85	1124.61
12912.42	1323.89
13080.32	1371.56
13130.60589	1376.28
13148.43	1388.75
13465.56	1378.28
12681.25	1282.3
11949.72	1175.96
13304.92	1322.19
12724.59	1152.11
12818.72	1337.81
12635.49	1325.26
11432.32	1308.07
11615.28	1169.69
10914.33	1114.36
12942.3	1333.48
13291.68	1359.48
13612.18	1402.19
13985.96	1465.56
14048.35	1413.09
13218.72	1274.49
12174.89	1200.02
14474.56	1382.11
13878.84	1425.57
13225.75	1378.26
13008.07	1339.1
12657.465	1311.135
12511	1280.4
11586.49	1189.84
13491.54	1440.68
13359.79	1441.88
13149.15	1380.43
13012.61	1351.18
13102.26	1338.97
12488.57	1234.11
11616.81	1157.65
13525.26	1423.15
13279.89	1389.57
13079.44	1363.6
12558.66	1310.28
11988.51	1243.34
11137.73	1108.11
10686.85	1056.27
12270.88	1273.42
12774.67	1329.64
13173.3495	1356.534
13648.95	1375
14602.9	1397.78
12933.11	1237.47
12519.95	1209.21
13982.86	1419.8
13700.44	1341.89
12357.02	1205.4
13172.85	1345.48
13006.28	1303.51
11840.81	1133.4
11808.12	1182.75
12975.52	1357.08
12857.14	1352.08
12028.07	1296.25
11530.79	1216.39
11630.27	1228.23
11037.82	1138.54
9904.16	1038.06
12218.35	1305.96
12091.69	1302.71
11959.4	1281.35
11891	1262.91
11926.94	1254.5
11469.86	1136.02
10014.16	1025.42
11819.33	1219.5
11878.19	1233
11303.37	1193.43
11093.6555	1148.779
10840.69	1105.89
9952.77	990.85
8880.34	908.86
10395.67	1067.02
10320.38	1058.19
10415.69	1075.39
10450.29	1082.77
10380.72	1066.65
9664.02	956.06
8823.43797	874.959
10303.01	1053.84
10316.03	1054.89
10476.94	1078.71
10509.18	1092.09
10575.08	1098.09
9972.56	1000.81
9131.98	926.86
10642.37	1090.97
11050.15	1145.09
10994.61	1182.53
10170.91	1077.81
9629.91	1015.25
10057.58	1046.76
9323.48	965.18
9677.98	1058.71
10671.33	1093.07
10795.37	1152.37
10992.01	1155.09
10835.48	1134.93
10300.3	1050.22
9343.7	951.21
10711.35	1110.31
10803.79	1148.72
10973.25961	1176.665
11140.48	1204.75
11088.44	1179.39
10341.85	1112.3
9373.98	1052.62
9502.93	1074.78
11029.4	1242.15
11316.25	1255.09
11487.64	1294.64
11316.25	1255.09
10478.45	1223.5
9589.38	1133.54
11088.62	1303.81
11142.18	1289.44
11167.72	1331.09
11266.6	1332.73
11357.83	1349.17
10702.3	1251.44
9783.58	1179.24
11557.44	1355.98
11906.47	1376.75
12252.15	1410.35
12695.476	1451.493
12345.55	1389.33
11341.35	1288.24
10581.28	1222.58
12337.92	1434.81
12114.41	1387.54
11696.3	1353.29
11695.08	1393.75
12026.61	1387.35
11469.05	1310.61
10766.19	1273.09
12807.39	1508.33
12333.49	1432.69
11828.54	1392.04
11602.63	1366.23
11767.39	1386.14
11068.77	1277.57
10291.06	1242.85
11985.19	1403
12269.41	1478.54
12494.82	1508.14
12602.12	1539.49
12758.42	1505.14
11669.99	1386.58
10797.99	1300.64
12631.02	1507.19
12780.58	1520.92
13015.46	1537.87
13677.81	1585.21
13953.72	1640.64
13105.49	1530.43
12223.36	1435.09
14539.21	1677.44
14662.45	1701.55
15009.28	1764.69
15130.96	1741.09
15116.49	1683.77
14085.95	1584.28
13260.51	1562.55
15196.76	1796.97
15395.69	1846.21
15572.11	1720.26
15509.55	1834.14
15599.61	1852.83
14595.17	1755.03
13304.01	1628.67
15840.82	1918.89
16208.85	1950.99
16328.63	1977.44
16279.38	1902.59
15644.92	1809.23
14480.68	1716.92
13526.09	1648.19
16045.98	1924.62
16434.83	1948.86
16442.97	1986.54
16969.82	2053.18
17162.017	2043.775
15981.56	1892.46
14484.98	1769.29
17003.97	2056.44
17267.95	2091.27
17450.13	2131.35
17389.01	2120.7
17301.41	2117.5
16124.11	1958.88
15194.66	1858.35
17808.52	2151.92
17842.52	2214.17
17969.13	2251.17
18119.95	2244.83
18250.39	2233.56
16608.44	2006.94
15354.98	1927.88
17650.47	2225.5
17918.92	2194.67
17538.74	2119.42
17626.94	2111.39
16064.13	1903.75
14165.9	1746.83
12857.14	1617.12
14974.75	1846.93
14814.05	1879.4
14451.79	1849.21
15080.74	1913.07
15160.19	1889.02
14145.98	1757.37
12391.49	1566.83
14083.92	1791.05
13249.03	1711.75
15186.95	1908.8
14776.93	1887.31
14588.28	1918.63
13945.39	1830.36
12857.59	1661.18
14652.9	1839.45
14739.95	1858.81
14913.38	1898.04
15057.94	1871.07
14871.2	1827.14
13864.69	1697.44
12544.55	1521.03
14485.53	1770.45
14969.35	1824.41
14419.17	1707.8
14064.64	1690.29
14138.23	1707.86
13256.01	1613.77
12556.23	1542.75
14886.7	1780.1
15011.31	1807.58
14858.48	1787.32
15214.12	1752.15
15167.19	1705.16
14039.55	1658.85
12925.73	1571.75
14849.86423	1797.264
14769.63	1781.36
14132.26	1751.27
13829.31	1730.12
12606.89	1540.19
11628.72	1410.99
10877.26	1341.06
12680.28	1551.34
12888.51	1563.96
13079.87	1595.14
13378.71	1584.82
14184.88	1636.59
13191.02	1545.13
11811.46	1412.04
12923.31	1533.44
12870.89	1485.235
12831.07	1496.61
12930.47	1517.34
13215.4	1562.36
12370.49	1436.85
11380.78	1343.01
13262.87	1568.2
13491.44	1589.57
12476.94	1490.24
12215.89	1434.74
12031.57	1426.11
11457.8	1312.39
10689.04	1221.62
12350.53	1412.78
12326.63	1412.49
12277.07	1403.11
10597.12	1219.76
11509.49	1354.5
11022.43	1232.63
10182.42	1141.78
11644.62	1323.73
11852.32	1319.54
12212.68	1343.47
12058.24	1349.14
11978.19	1327.46
11236.62	1232.42
10240.23	1112.14
12116.01	1299.12
12052.27	1312.58
12124.68	1311.42
12300.79	1329.7
12131.92	1299.96
11033.61	1148.33
9817.84	1025.1
11204.51	1177.01
10946.74	1152.71
9167.67	958.54
10431.44	993.67
10329.04	1072.95
9554.4	942.65
8678.76	878.32
10154.82	1076.66
10229.38	1085.74
10327.79	1089.86
10337.56	1090.24
10241.94	1073.66
9486.91	962.9
8736.91	880.21
10162.56	1051.59
10291.84	1083.07
10316.39	1071.75
10240.47724	1052.63
10302.21	1065.99
9510.44	949.03
8794.35	875.15
10275.95	1070.65
10404.18	1081.31
10435.34	1093.69
10430.03	1108.4
10375.71	1068.97
9514.35	943.3
8732.29	885.75
10214.26	1063.52
10415.015	1099.26
10570.35	1089.79
10632.28	1087.36
10579.09	1107.84
9915.44	983.75
9070.54	906.01
10459.32	1067.68
10553.34	1053.5
9606.65	971.91
10466.31	1049.65
9984.57	989.69
10193.64	1014.58
10073.5	1017.04
11836.53	1212.86
12477.24	1312.53
12855.31	1327.88
12668.42	1287.4
12226.46	1264.58
11129.7	1117.42
10378.47	1047.86
12613.07	1318.36
12938.08	1306.06
13516.43	1365.38
13517.68	1387.46
12890.94	1314.33
12556.5	1226.49
12141.33	1221.6
10617.01	1047.17
10848.14	1084.04
12626.3	1257.19
12739.03	1272.71
12618.72	1273.81
11683.45	1152.31
11163.71	1111.16
10386.97	1035.96
11949.44	1261.2
12142.08	1267.88
12467.65	1290.44
11928.96	1259.97
10776.87	1119.47
10915.62	1111.84
12329.23	1290.25
12342.53	1302.96
12299.7	1276.59
12310.65	1271.91
12197.69	1256.43
11357.51	1131.98
10719.9	1068.99
12557.94	1305.12
12300.65	1303.94
12105.82	1079.64
12396.72	1251.29
11885.15	1221.47
10576.57	1103.09
10187.42	1031.25
12178.87	1266.97
12583.14	1312.22
13407.32	1369.85
13580.27	1447.97
13961.02	1447.38
13119.96	1334.08
12317.61	1266.87
13580.38	1433.1
13586.6	1451.55
13379.38	1425.06
13104.77	1428.98
13007.45	1392.32
12251.4	1292.8
11523.82	1202.35
13114.01	1436.78
12796.62	1390.15
12788.07	1367.74
12819.4	1324.51
13144.45	1351.43
11743.31	1183.24
10612.33	1083.8
11808.56	1250.35
11627.91	1249.63
11867.29	1240.28
11596.56	1206.04
11716.15	1214.5
11391.28	1119.42
10833.58	1063.61
12492.29	1288.67
12450.89	1219.1
12671.84	1318.65
12753.88	1301.49
12215.84	1259
11132.08	1111.86
10264.29	1033.47
11756.4	1226.36
11743.97	1221.03
11778.39	1207.43
10041.35	1033.62
10922.66	1110.58
10251.9	1010.23
9352.74	928.3
11084.73	1141.43
11575.69	1193.68
11715.78	1187.78
12577.73	1344.41
11951.05	1226.29
11695.15	1191.71
10583.03	1070.73
12191.67	1238.18
12134.1	1272.22
12015.3	1255.55
11892.57	1237.94
11900.13	1210.2
11695.15	1191.71
10194.3	994.44
12167.19	1262.12
12999.03	1359.78
13234.76	1439.49
13373.3	1464.48
13045.42	1427.37
12178.65	1324.21
11492.794	1212.939
13245.616	1375.463
13333.36	1360.377
14127.12	1447.04
13637.57	1419.41
12950.81	1346.82
11826.61	1190.69
10667.07	1085.32
12529.41	1300.57
12517.34	1314.95
12826.16	1388.99
12173.82	1294.9
11206.99	1162.12
11673.11	1184.79
10728.49	1086.85
11561.06	1227.46
12916	1314.54
12357.19	1295.78
12433.5	1293.64
12667.99	1329.07
12301.92	1216.07
10816.15	1068.59
11570.43	1212.48
11394.14	1205.92
11235.52	1187.89
11098.63	1178.09
11012.49	1166.15
10355.11	1044.27
9402.13	949.17
10942.26	1156.09
11048.56	1186.32
11087.44	1199.05
11176.82	1224.85
11270.91	1222.88
10595.55	1119.39
9676.94	1059.15
10888.5	1191.63
9822.51	1079.62
11278.69	1251.24
11520.77	1290.02
11348.26	1302.22
10719.9	1201.62
9844.99	1141.98
11395.59	1308.79
11538.28	1364.59
11594.228	1372.856
11643.641	1374.251
11924.231	1397.912
11253.672	1308.379
10410.4	1218.985
11955.243	1380.496
11945.886	1403.504
11972.909	1415.198
12109.474	1417.436
12487.08	1399.4
11665.76	1327.5
10818.982	1226.712
12632.11	1420.671
12851.974	1465.397
13054.343	1495.451
13271.201	1513.695
13244.758	1520.69
12078.283	1384.986
11030.163	1286.326
12137.321	1362.932
12255.032	1447.617
12641.71	1468.971
12896.642	1489.72
12727.043	1467.533
11736.775	1315.102
10807.079	1261.024
12579.675	1491.65
12900.849	1517.497
12966.27	1527.766
13129.818	1558.655
13314.789	1582.406
12537.657	1487.895
11581.729	1392.535
13565.861	1636.568
13890.393	1684.216
14000.038	1706.995
14072.415	1665.341
14095.38	1673.932
13269.771	1551.115
12171.612	1456.968
14432.129	1729.53
15061.02	1816.379
15207.732	1835.184
15198.595	1851.562
15320.025	1821.995
13745.108	1564.527
12775.629	1489.594
15306.149	1752.701
14343.39	1662.255
14144.77	1688.64
14260.127	1698.704
14406.31	1728.462
13480.402	1640.576
12715.16	1571.331
15177.427	1791.289
15170.54	1806.639
15177.043	1763.731
14525.01	1701.03
14669.427	1778.32
14039.673	1690.507
13343.792	1617.378
15240.89	1781.296
14485.222	1697.764
14532.825	1710.01
14711.04	1735.2
14971.278	1779.592
13995.734	1653.649
13098.446	1569.146
15956.256	1896.58
16475.548	1988.869
16579.362	1997.938
16541.353	2006.677
16577.666	2000.637
15495.783	1859.866
14013.14	1715.594
16538.231	1989.554
16482.293	1924.041
15946.124	1911.131
16019.901	1976.758
16378.955	2021.635
15324.305	1874.3
14399.815	1767.679
16206.381	1964.864
16702.125	2067.353
16802.145	2043.715
16974.571	2194.519
16444.678	1969.105
15019.52	1869.715
13952.95	1783.563
16073.978	2060.006
16236.238	2069.283
15083.299	1927.97
14660.09	1890.022
14865.64	1874.927
14384.228	1841.293
13899.973	1794.537
15908.143	2029.06
16032.03	2041.97
14686.457	1906.321
16058.18	2017.45
15539.403	1919.605
14390.763	1794.068
13511.69	1723.49
14880.96	1813.65
14294.828	1831.64
13597.078	1734.728
13558.336	1735.76
13579.92	1710.44
13721.31	1727.015
13631.482	1703.768
16058.223	1977.646
16242.849	2052.671
16495.386	2075.27
15878.071	1918.038
15016.202	1804.515
13848.435	1664.934
12692.85	1568.287
14708.732	1787.692
14784.149	1742.273
14015.887	1654.337
13739.817	1652.83
13890.35	1618.81
12994.153	1543.462
12164.6	1520.622
14194.427	1704.987
14235.17	1727.619
14211.54	1691.03
14730.652	1771.968
15232.272	1828.025
13952.491	1655.753
12863.616	1542.521
15269.132	1809.366
15024.422	1744.297
14001.111	1612.39
13960.7	1645.621
13883.624	1658.73
12887.748	1514.77
11844.41	1412.954
13154.526	1593.121
13291.535	1579.525
12792.93	1521.954
12395.78	1491.56
12286.47	1469.24
12066.1	1389.71
11320.553	1337.55
