87.7	107263	670.95
88.97	107398	681.875
90.29	109591	691.025
91.28	109050	695.2
91.98	110201	692.5
93.52	109919	698.225
94.69	109859	697.65
96.07	110336	709.05
97.86	112513	713.625
98.55	112481	712.05
100.15	111780	718.975
100.42	111969	711.6
101.68	114280	693.175
102.06	111698	697.725
101.84	114160	713.875
102.16	114288	730.575
102.34	114860	744.15
103.61	116749	762.25
104.75	119239	760.775
107.36	122245	763.775
109.63	125247	780.8
112.38	124335	777.825
114.27	126225	779.775
115.48	126992	770.325
117.09	129056	775.575
117.83	129591	789.975
118.95	128912	803.15
121.04	128694	819.425
123.53	129273	834.2
125.41	130521	843.175
127.83	131297	851.2
129.2	130815	854.5
128.48	131549	864.025
133.79	137141	875.275
138.09	137783	892.375
138.14	140891	898.75
141.09	141748	918.175
142.71	144191	929.1
144.03	144765	941.725
146.06	146973	945.05
146.93	146558	968.375
149.42	146678	981.6
151.58	147917	1001.55
153.85	148822	1025.15
155.28	149072	1050.475
157.64	149911	1054.775
159.61	150424	1062.3
160.76	149804	1071.4
163.36	151844	1081.225
165.19	153930	1082.175
167.21	154649	1091.525
168.89	155456	1100.3
173.1	161113	1122.65
164.4	160428	1141.6
177.11	163618	1149.825
179.39	164280	1154.95
181.17	163917	1172.9
184.95	165073	1176.675
187.46	166036	1184.025
190.29	166893	1178.875
193.24	165838	1176.775
196.43	169756	1178.85
198.44	171401	1189.3
201.06	172905	1177.075
204.27	171908	1208.575
206.42	174944	1215.475
209.24	178004	1225
211.23	178700	1228.575
213.58	178900	1250.6
215.4	183665	1279.575
218.49	184154	1291.35
221.92	187051	1312.8
225.8	196348	1345.125
229.43	196607	1360.375
233.04	194730	1352.975
235.6	193898	1365.6
239.57	188603	1354.25
241.25	191332	1357.825
243.51	192567	1344.675
239.29	189755	1339.3
237.73	189858	1323.1
237.08	186727	1333.3
237.16	186110	1355.35
242.06	188217	1373.6
244.44	191244	1404.625
247.81	190920	1415.25
250.55	193296	1422.45
252.24	197392	1433.125
255.14	197523	1449.8
255.96	196076	1478.25
258.29	197433	1504.4
260.39	200857	1504.55
263.82	202577	1509.8
266.64	205036	1568.5
268.77	207797	1583.825
271.68	209701	1605.075
274.05	208860	1608.25
275.52	218120	1610.2
279.15	213354	1621.775
279.89	215599	1625.975
282.75	213480	1631.225
281.02	209258	1598.15
281.29	208968	1595.725
281.03	206756	1625.3
282.02	206419	1658.925
283.63	206920	1646.825
285.43	209178	1665.725
287.25	209414	1646.275
289.38	209751	1618.75
291.37	212110	1627.55
291.89	212670	1621.7
293.22	214169	1623.275
294.47	218038	1644.55
294.85	219905	1682.075
295.11	222323	1715
296.73	224254	1750.375
298.48	225790	1785.15
299.39	223826	1816.5
301.2	225278	1834.375
301.57	229745	1849
302.02	231659	1867.375
304.38	236615	1884.475
306.33	236831	1913.8
307.48	237414	1928.15
308.52	240112	1946.025
312.1	241881	1954.95
313.63	242966	1974.65
314.08	247280	1984.875
314.98	249537	1998.75
318.67	253182	2021.175
321.07	259331	2039.5
325.66	262296	2073.175
329.93	267034	2084.825
332.51	268660	2112.375
336.84	272785	2124.575
340.4	275150	2152.725
345.35	276356	2174.425
348.62	278165	2191.525
351.46	278427	2207.875
354.17	278670	2212.55
359.74	280536	2236.775
359.93	281973	2245.425
360.07	279018	2245.975
361.12	278060	2226.85
360.58	277253	2216.4
363.34	276891	2233.6
364.63	276240	2244.325
366.96	276675	2254.1
369.89	276661	2280.75
369.4	276313	2305.875
369.23	278066	2328.3
368.32	280003	2351.625
365.6	282033	2356.025
366.57	283448	2370.025
367.71	285728	2381.575
368.82	287688	2413.375
370.35	291179	2437.05
374.88	294553	2470.35
377.43	297883	2484.925
380.28	299529	2513.125
382.21	300454	2521.725
384.19	301602	2530.525
384.41	304758	2552.2
384.77	305984	2570.3
387.6	309250	2587.175
387.99	310103	2632.35
390.16	311412	2656.7
390.6	312944	2684.775
391.88	315943	2705.225
396.91	319596	2746.05
399.83	321475	2781
404.3	325588	2802.575
407.65	327471	2830.3
410.63	329347	2857.75
414.27	331661	2895.15
417.08	335048	2942.675
419.41	337294	2966.175
422.98	337547	2990.625
427.95	343693	3028.275
433.52	348449	3080.825
437.9	351979	3089.775
441.57	354546	3148.125
444.89	355557	3151.925
448.37	356094	3169.825
450.66	360749	3160.825
451.48	363235	3177.575
452.76	365696	3167.525
452.69	367157	3176.325
454.59	368690	3205.575
456.47	371397	3223.25
458.11	374205	3238.95
457.88	377469	3241
458.66	380565	3257.8
458	384014	3288.025
461.25	387841	3343.1
464.67	391048	3382.175
468.9	393247	3401.625
471.58	395113	3426.55
473.34	395867	3457.7
476.44	398259	3487.6
477.82	400558	3524.775
478.47	404875	3543.175
480.94	409270	3572.95
484.52	414816	3593.35
488.52	416183	3636.525
492.56	417146	3647.4
492.67	417741	3650.65
496.29	419236	3679.225
500.15	423472	3681.5
503.7	426600	3709.675
505.4	429845	3734.625
507.05	433079	3747.95
508.79	433710	3722.375
506.41	430887	3740.85
505.01	423618	3722.9
497.71	414037	3644.25
489.25	407291	3593.75
488.75	406353	3588.9
489.56	406641	3600.625
492.61	408298	3635.475
495.06	410542	3651.2
498.13	414699	3686.475
500.45	417024	3711.375
503.47	417507	3734.75
508.95	419828	3720.325
508.72	420109	3747.4
510.19	421918	3755.275
511.31	422965	3797.575
510.97	424834	3822.75
510.05	424468	3840.6
511.32	429319	3845.2
511.4	428321	3846.075
511.15	431025	3872.975
514.56	433271	3880.4
514.73	436560	3910.325
515.93	438707	3948.475
515.71	442425	3936.75
516.64	446519	3975.2
518.52	450141	4023.625
519.18	453891	4046.675
522.48	455026	4067.25
522.6	457214	4093.55
524.43	458456	4113.725
525.57	461622	4122.675
528.92	462324	4131.25
528.16	465012	4145.775
529.25	467628	4181.75
531.53	470929	4201.2
