17.28125
17.5625
17.875
17.375
16.90625
16.84375
16.6875
16.625
16.6875
16.4375
16.71875
16.65625
16.25
16.28125
16.3125
16.25
16.25
16.375
16.15625
16.21875
16.09375
15.84375
16.0625
16.125
16
16.0625
15.875
15.75
15.65625
15.4375
15.4375
15.5
15.5
15.3125
15.125
15.5
15.53125
16.0625
16.1875
16.0625
15.90625
15.625
15.46875
15.5
15.46875
15.75
15.625
15.5625
16
15.8125
16.15625
16.0625
16.1875
15.9375
15.78125
15.71875
15.5625
15.96875
15.78125
15.4375
15.375
15.59375
15.75
15.53125
15.28125
15.09375
15
15
15.4375
15.1875
15.03125
14.78125
14.90625
15
15.40625
15.125
15.09375
15.09375
15.15625
15.28125
15.09375
14.90625
14.65625
14.78125
14.59375
14.4375
14.46875
14.34375
14.46875
14
14.1875
14.1875
14.15625
14.09375
14.1875
14.15625
14.09375
13.90625
13.875
14.03125
14.46875
14.5
14.6875
15.0625
14.96875
14.78125
14.5
14.59375
14.5625
14.34375
14.4375
14.75
14.84375
14.96875
14.71875
14.625
14.40625
14.375
14.53125
14.84375
14.875
14.75
14.6875
14.46875
14.46875
14.21875
14.21875
14.25
14.25
14.15625
14.15625
14.09375
13.96875
14.21875
14.15625
14.15625
14.03125
13.84375
13.875
13.78125
13.71875
13.75
13.90625
13.84375
13.84375
14.09375
14.03125
14.125
14.5625
14.59375
14.21875
14.25
14.46875
14.6875
14.46875
14.5625
14.5
14.1875
14.15625
14.25
14.3125
14.21875
13.96875
13.96875
13.875
13.8125
13.96875
13.78125
14
13.9375
13.65625
13.5
13.5
13.53125
13.6875
13.9375
13.96875
13.875
13.71875
13.53125
13.5
13.71875
13.59375
13.625
13.65625
13.40625
13.71875
13.28125
13.53125
13.5
13.75
13.78125
13.5625
13.75
13.875
13.96875
13.875
13.4375
13.125
13.0625
12.8125
12.8125
12.90625
12.84375
12.78125
12.75
12.65625
12.6875
12.375
12.25
12.875
13.25
13.25
13.09375
12.875
12.71875
12.90625
13.0625
13.125
13.1875
12.90625
12.75
12.75
12.59375
12.59375
12.65625
12.625
13.0625
13.15625
13.625
13.625
13.53125
13.25
13.5
13.65625
13.375
13.3125
13.46875
13.65625
13.59375
13.34375
13.40625
13.53125
13.9375
14.1875
14.09375
14.21875
14.03125
14.25
14.125
14
14.3125
14.21875
14.390625
14.5625
14.25
14.1875
14.1875
14.1875
14.1875
14.375
14.34375
14.71875
14.9375
15.46875
15.25
15.375
15.625
15.40625
15.5
15.4375
15.65625
16.09375
15.90625
15.65625
15.75
15.6875
15.8125
15.8125
15.375
15.34375
15.46875
15.3125
15.25
15.5625
15.5625
15.6875
15.59375
15.09375
15.21875
15.5
15.40625
15.46875
15.53125
15.25
14.96875
14.78125
14.625
14.375
14.65625
14.75
14.5625
14.46875
14.71875
14.34375
14.34375
14.46875
14.40625
14.78125
14.875
14.78125
14.9375
14.75
14.96875
15.09375
14.9375
15.25
15.375
15.375
15.4375
15.4375
15.5625
15.53125
15.5
15.90625
16.15625
16.125
15.9375
15.8125
15.96875
16.09375
16.4375
16.5
16.28125
16.21875
16.03125
16.0625
16.125
16.1875
16.28125
16.21875
16.1875
15.96875
16.09375
15.96875
15.90625
15.90625
15.71875
15.6875
15.625
15.75
15.65625
15.5625
15.46875
15.5
15.5
15.375
15.4375
15.5
15.375
15.0625
15
14.5625
14.53125
14.6875
14.90625
14.78125
14.9375
14.875
14.625
14.59375
14.65625
14.96875
15.28125
15.125
15.0625
15.28125
15.28125
15.15625
15.15625
15
15.09375
15.25
15.375
15.625
15.875
16.125
16.71875
16.6875
16.6875
16.46875
16.84375
16.875
16.65625
16.625
16.46875
16.375
16.21875
16.375
16.40625
16.6875
16.5
16.40625
15.96875
15.78125
15.8125
15.75
15.59375
15.5625
15.71875
15.71875
16.5
16.4375
16.5
17.0625
17.34375
17.09375
17.28125
17.28125
17.25
17.46875
17.625
17.4375
17.84375
18.03125
18.125
18.125
17.96875
17.84375
18.21875
18.125
18.34375
18.53125
18.53125
18.6875
19.1875
18.875
19.09375
19
19.15625
19.0625
18.6875
18.34375
18.53125
18.625
18.78125
19.75
20.09375
20.28125
20.875
20.6875
20.875
20.03125
19.875
20.75
20.53125
21.125
20.9375
20.6875
20
20.5
20.40625
19.90625
19.96875
20.375
20.46875
21.3125
21
21.0625
20.84375
21.4375
21.09375
21.34375
20.84375
20.5625
20.53125
21
20.9375
20.875
20.125
20.3125
20.6875
20.84375
20.625
21.625
21.625
22.0625
22.0625
23.1875
23.78125
23.625
23.40625
23.1875
23.46875
22.75
22.34375
22.6875
23.34375
23.125
23.9375
23.375
23.40625
24.09375
23.78125
24.15625
24.03125
24.0625
23.25
23.90625
24
24.40625
24.15625
24.5
24.5
24.53125
24.65625
24.78125
24.8125
24.90625
24.625
24.46875
23.65625
23.46875
24
23.78125
24.40625
24.34375
24.71875
24.25
24
23.875
24.34375
24.28125
23.78125
23.625
24.09375
24.09375
24.75
24.71875
24.59375
24.59375
24.65625
24.28125
24.6875
25.21875
25.09375
24.75
25.4375
25.53125
25.46875
25.5625
25.75
25.21875
25.5625
25.0625
25.1875
25.125
25.21875
24.71875
24.71875
24.96875
25.1875
25.03125
25.53125
25.5625
25.53125
25.59375
25.71875
26.0625
25.4375
25.59375
25.5
25.65625
25.8125
25.96875
26.65625
26.75
27.1875
27.375
27.53125
28.15625
27.875
28.78125
28.75
29.3125
28.625
29.28125
29
29.3125
29.25
28.75
28.875
29.125
28.9375
29.40625
29.375
29.21875
28.875
28.875
29.125
28.8125
28.5
27.9375
27.8125
27.6875
28.125
28.65625
28.90625
28.59375
28.25
27.8125
27.96875
28.375
28.5
28.9375
28.28125
28.34375
28.4375
28.5625
29.3125
29.5
30.25
30.4375
30.28125
30.5
30.78125
30.875
30.8125
30.75
30.21875
29.5
30
30.0625
30.25
29.8125
30.40625
29.9375
30.375
30.8125
30.21875
30.3125
30.5
30.03125
29.96875
30.21875
31.34375
31.375
31.09375
31.46875
31.4375
30.84375
30.5
30.09375
30.1875
30.125
30.3125
29.875
29.9375
29.75
29.53125
29.53125
29.4375
29.625
30.125
30.40625
30.75
30.40625
30.625
30.3125
29.84375
29.125
29.0625
29.46875
29.75
29.34375
29.875
29.65625
29.9375
30.46875
30.59375
30.5625
30.5625
30.375
30.5
30.71875
30.4375
30.78125
30.9375
30.96875
30.75
31.15625
31.65625
32.15625
31.96875
32.1875
31.96875
31.71875
32.03125
32.46875
32.78125
33.03125
33.0625
33.5625
33.25
33.15625
33.40625
32.9375
32.9375
32.1875
32.625
32.4375
31.75
32.0625
32.125
32
32.34375
32
31.6875
31.6875
31.625
30.96875
30.5625
30.53125
30.5625
30.90625
31.3125
31.71875
31.875
31.125
31.1875
30.84375
30.875
31.3125
30.75
30.21875
30.25
29.8125
30.40625
29.34375
29.71875
29.46875
29.65625
29.40625
29.8125
29.75
30.5625
31
30.53125
30.21875
29.875
30.21875
30.3125
30.4375
30.90625
30.71875
30.90625
31.15625
31.0625
30.78125
30.5
30.4375
30.96875
31.0625
30.875
30.84375
30.5625
30.5625
30.3125
29.75
30.125
30.25
30.125
29.71875
29.25
29.03125
29.1875
28.84375
28.65625
28.71875
28.46875
28.53125
28.4375
28.59375
27.6875
27.1875
27.625
26.9375
27.25
27.46875
27.25
27.71875
27.40625
27.40625
27.4375
27.34375
27.28125
27.3125
27.8125
28.21875
27.5
27.5625
27.875
28
27.75
27.3125
26.90625
27.125
27
27.5625
27.65625
27.75
28
28.4375
28.5
28.6875
28.5
28.1875
28.0625
28.0625
28.46875
28.84375
28.4375
28.5
28
27.78125
27.75
27.1875
27.4375
27.40625
27.5
27.21875
28.125
27.8125
28.1875
28.0625
27.78125
27.6875
27.46875
27.6875
27.96875
28.3125
28.34375
28.4375
29.125
29.0625
28.90625
28.1875
28.3125
28.5625
28.21875
28.09375
27.8125
28.0625
28.25
28
27.59375
27.34375
27.15625
27
26.90625
26.6875
26.8125
26.65625
26.8125
26.9375
26.96875
27.0625
26.34375
26.4375
26.40625
26.4375
26.0625
26.125
26.09375
25.1875
24.875
25.4375
25.6875
27.03125
26.46875
26.3125
26.375
26.03125
25.78125
26.3125
26.4375
26.46875
26.78125
26.59375
26.4375
26.8125
26.78125
26.3125
26.09375
26.3125
26.8125
27.03125
26.875
26.75
26.625
26.53125
26.34375
26.78125
27.0625
27.25
27.09375
27.6875
28.21875
28.71875
30.0625
30.4375
30.34375
29.65625
30.6875
30.25
30.5625
30.3125
30.5
30.78125
30.75
30.8125
31.46875
31.0625
31.25
31.40625
31.1875
31.34375
31.0625
30.90625
30.9375
30.625
30.59375
30.84375
30.40625
30.6875
30.5
30.71875
31.53125
31.6875
31.90625
31.65625
31.46875
31.5
31.0625
30.9375
31
31.15625
31.46875
31.0625
30.65625
30.4375
30.3125
30.46875
30.3125
30.28125
30.21875
30.46875
30.0625
30.46875
30.625
30.3125
30.46875
31.5
31.25
31.5
31.65625
31.6875
31.28125
31.03125
31.15625
31.6875
31.15625
31.4375
31.46875
31.6875
31.875
31.4375
31.21875
30.8125
31
30.6875
30.78125
30.6875
30.375
30
30.3125
30.25
30.65625
30.71875
31.1875
30.78125
30.5
30.4375
30
30.0625
29.46875
29.625
29.28125
29.46875
29.78125
29.6875
29.4375
29.6875
29.75
30.78125
30.75
30.59375
30.9375
31.0625
30.9375
30.78125
30.875
30.78125
30.25
30
29.9375
30.09375
29.9375
30.09375
30.9375
30.6875
31.1875
31.15625
30.96875
30.90625
31.03125
32.0625
32.40625
33.125
33.28125
33.3125
33.65625
34.25
34.15625
34.09375
33.90625
34.40625
34.125
33.84375
34.28125
34.3125
33.375
32.9375
33.4375
33
32.84375
32.96875
33.4375
33.4375
33.21875
33.46875
33.625
33.28125
33.5
33.96875
33.75
33.75
33.21875
32.53125
32.40625
32.875
32.96875
32.5
32.21875
32.15625
32.09375
32.625
32.34375
32.1875
31.9375
31.125
31.34375
31.59375
31.65625
31.75
32.03125
31.9375
31.625
31.75
30.96875
31.15625
31.46875
31.75
32
32.3125
32.4375
32.40625
31.875
31.90625
31.9375
32.25
32.15625
32.21875
31.78125
31.5625
31.625
31.40625
31.34375
31.25
31.1875
31.4375
31.78125
31.96875
32.53125
32.5625
32
32.125
32.25
32.6875
33.25
33.25
33.09375
32.84375
32.71875
32.59375
32.4375
32
32.15625
32.28125
32.4375
32.125
32.4375
31.84375
31.90625
31.5
30.1875
29.65625
30.28125
30.03125
29.96875
29.84375
29.6875
29.84375
30.21875
30.5
30.78125
31
30.9375
31.21875
31.09375
30.9375
31.125
30.875
30.3125
30.75
30.9375
31.0625
31.375
32.125
32.34375
32.1875
32.3125
32.46875
32.34375
32.28125
32.5625
33
32.40625
32.625
32.84375
33.125
32.90625
32.8125
32.34375
32.3125
32.09375
31.84375
31.78125
31.65625
31.6875
31.59375
31.4375
31.46875
31.875
32.09375
31.65625
31.71875
32.0625
32.0625
32
31.875
31.65625
31.78125
31.8125
32.09375
32.28125
32.34375
31.96875
31.8125
31.78125
31.875
32.09375
31.6875
31.875
32
31.6875
32.03125
31.6875
31
30.9375
30.875
30.96875
31.65625
31.09375
31.09375
30.875
31.0625
31.09375
31.0625
31.09375
31.40625
32
32
32.34375
32.125
31.90625
31.875
32.28125
32.625
32.15625
32
32.34375
32.625
32.78125
32.46875
32.71875
33.0625
33.34375
33.21875
33.03125
33.125
33.71875
33.84375
33.75
34.15625
34.1875
34.625
34.5625
34.75
35.0625
34.875
34.75
34.75
35.0625
34.9375
34.46875
34.65625
35.46875
35.1875
35.4375
36.15625
36.65625
37.25
37.15625
37.5625
38.0625
38.125
38.21875
38.4375
38.5625
38.5
38.1875
38.3125
38.875
39.5625
38.875
38
38.59375
38.59375
38.90625
37.21875
37.59375
37.125
37.25
37.3125
38.15625
39
37.71875
37.34375
37.375
36.0625
37
37.5
37.40625
37.9375
37.75
37.375
37.875
38.65625
38.5
38.71875
38.75
38.9375
39.3125
39.1875
38.75
38.90625
39.0625
39.71875
39.375
39.78125
39.9375
39.71875
39.375
39.5625
38.96875
37.71875
37.8125
37.4375
37.09375
36.6875
36.5
37.125
38
37.25
37.625
37.59375
37.71875
38.09375
37.90625
37.53125
37.25
37.21875
37
36.90625
37.28125
37.875
37.28125
37.75
37.40625
37.0625
37.375
38
37.3125
37.5625
37.4375
38.09375
38.15625
38.6875
38.65625
38.15625
38.71875
38.25
38.8125
39.40625
39.875
40.34375
39.84375
39.0625
39.21875
38.53125
38.90625
38.5625
37.8125
37.25
37.4375
37.5
37.21875
37.03125
36.34375
36.21875
36.03125
36.5625
36.125
35.84375
35.96875
36.75
37.84375
38.21875
38.09375
38.0625
38.1875
37.5
37.6875
37.46875
36.6875
37.09375
37.28125
37
37.40625
37.125
36.71875
36.59375
36.25
36.71875
36.28125
36.625
36.875
36.6875
36.75
36.625
37.15625
37.375
37.25
36.3125
36.15625
36.0625
36.4375
35.78125
34.8125
33.9375
33.28125
33
32.9375
32.96875
33.40625
33.28125
33.28125
33.53125
33.09375
32.8125
33.0625
33.125
32.84375
32.90625
32.71875
32.78125
32.75
32.5
32.75
33.125
33.5
33.5625
33.28125
33.84375
34.1875
34.8125
34.5
34.5
34.75
35.28125
35.28125
35
34.6875
34
34.03125
34.84375
35.09375
35.9375
35.96875
36.03125
34.8125
34.34375
34.25
34.5625
34.40625
34.59375
34.21875
34.65625
34.8125
34.375
33.9375
33.875
33.5625
33.625
33.25
33.25
32.71875
33.375
32.03125
31.875
30.5
30.90625
30.5
30.21875
30.75
30.28125
30.46875
30.0625
30.34375
30.09375
30.375
30.34375
30.53125
30.1875
30.21875
30.5
30.90625
31.59375
31.46875
30.78125
30.34375
30.375
30.78125
30.9375
30.6875
29.96875
30.34375
30.5
30.125
30.75
30.875
30.8125
31.15625
31.78125
31.5
31.78125
31.84375
32.46875
32.15625
31.9375
31.65625
31.9375
31.71875
32
32
31.625
31.90625
32.03125
31.6875
31.34375
31.28125
30.78125
30.125
30.5
30.5
30.15625
30.21875
30
30.5
30.90625
30.75
30.875
30.71875
30.5625
30.09375
29.125
29.65625
30
30
31.3125
30.6875
30.6875
31.84375
31.5625
31.8125
32.34375
32.5
32.15625
32.1875
33.0625
33.25
33.78125
34.21875
33.9375
33.4375
33.34375
33.5
33.15625
33.625
34.59375
34.5
34.78125
34.90625
35.84375
35.75
35.4375
34.84375
34.875
34.625
34.53125
34.96875
35.09375
34.84375
34.71875
35.71875
35.4375
36.0625
36.21875
36.15625
36.78125
36.5625
36.75
37.15625
37.4375
38.21875
38.90625
38.5
37.6875
38.09375
37.53125
37.78125
37
37.375
37.34375
36.625
36.90625
36
36.25
36.90625
37.03125
37.71875
37.5
37.5
39.25
38.5625
38.5625
37.9375
38.5625
38.8125
39.65625
40.03125
40.15625
40.75
41.71875
41.6875
41.21875
40.9375
40.75
41.34375
41.5625
41.28125
40.15625
40.25
39.1875
39.15625
39.3125
39.15625
40.15625
40.25
40.65625
40
39.90625
39.3125
40.0625
40.34375
40
40.3125
39.96875
39.4375
39.40625
39.15625
39.90625
40.5
40.34375
40.21875
40.34375
40.8125
41.21875
41.53125
41.96875
41.625
41.34375
40.625
41
41.0625
41.28125
40.96875
41.6875
41.5625
41.75
42.46875
41.875
42
42.03125
41.75
41.15625
40.6875
40.34375
40.03125
40.3125
40.53125
40.3125
40.375
40.59375
40.25
39.8125
39.84375
40.0625
40.75
41.09375
41.6875
42.25
42.59375
43.34375
43.3125
43.625
43.21875
43.15625
43.6875
43.6875
43.65625
43
41.96875
41.5625
41.625
42.09375
40.71875
40.625
40.40625
40.1875
39.4375
39.3125
39.4375
40.28125
40.625
39.375
39.15625
39.46875
38.84375
37.625
38.9375
38.5625
38.96875
39
38.1875
37.625
37.6875
38.65625
38.8125
39.125
37.75
38.1875
37.875
36.84375
37.375
37.1875
36.3125
35.03125
33.75
26
28.75
30.6875
30
30.1875
28
29.5
29.5
30.0625
30.625
31.125
30.46875
30.15625
30.9375
29.875
29.53125
29.4375
29.8125
30.5625
30.40625
30
29.4375
29.59375
28.90625
29.4375
29.375
29.625
29.40625
28.71875
27.6875
27.8125
27.625
26.625
26.9375
27.375
27.875
28.5
27.75
27.53125
28.78125
29
29.71875
28.875
29.3125
29.5625
29.5625
29.875
29.96875
28.9375
29
29.25
28.875
30.1875
30.46875
30.71875
30.84375
28.71875
29.4375
28.8125
29.03125
28.96875
29.75
29.4375
27.9375
27.59375
27.75
27.625
28.3125
27.96875
28.1875
28.4375
28.09375
27.5
27.46875
27.25
27.15625
27
26.9375
27.28125
27.90625
27.8125
28
28.4375
28.1875
28.125
28.34375
28.8125
28.84375
29.03125
28.625
28.9375
29.375
29.25
29.3125
29.125
29.21875
29.3125
29.40625
29.15625
28.4375
28.875
28.875
28.5
28.8125
28.71875
28.5625
28.4375
28.28125
27.90625
27.5
26.75
27.03125
26.46875
26.28125
26.90625
26.875
26.875
27.40625
27.3125
27.90625
28.34375
28.40625
29.03125
27.84375
28.53125
28.5
28.28125
28.21875
28.09375
28.4375
28.46875
28.5625
28.5
28.28125
28.34375
28.53125
28.65625
28.3125
27.8125
27.625
27.625
27.71875
27.1875
27.1875
27.59375
27.90625
27.53125
27.21875
27.625
27.375
27.1875
27.3125
27.125
27.0625
27
28.125
28.28125
28.15625
28.3125
28.59375
28.4375
29.15625
28.84375
29
29.25
29.6875
29.71875
29.28125
29.375
29.28125
30.0625
30.75
31.4375
31.28125
31.25
31.75
31.75
31.84375
31.65625
32.3125
31.71875
31.90625
31.59375
31.6875
31.3125
31.3125
31.1875
31.375
31.28125
31
31
30.4375
30.03125
30.59375
30.65625
30.28125
30.9375
31.4375
31.5625
31.4375
31.4375
31.0625
30.96875
30.78125
30.40625
29.71875
29.75
29.5
28.78125
28.9375
28.65625
28.65625
28.1875
27.6875
27.71875
28.1875
27.90625
28.0625
28.34375
28.21875
27.875
27.5625
28.5
28.21875
27.9375
28.03125
28.59375
28.40625
28.75
28.65625
28.4375
28.5625
28.1875
28.1875
28.3125
28
28.21875
28.0625
28.3125
28.46875
28.84375
28.84375
28.71875
28.625
28.46875
28.5
29
29.03125
29.6875
29.375
29.65625
29.9375
30.28125
31.09375
30.59375
31.21875
31.09375
30.78125
30.71875
30.40625
30.0625
30.1875
30.65625
31
30.71875
30.5625
30.0625
29.78125
29.9375
29.96875
29.9375
29.15625
29.28125
29.375
28.875
28.875
28.9375
28.90625
29.25
29.5
29
29.71875
29.84375
29.625
29.5625
29.8125
30.21875
30.53125
30.25
29.84375
30.09375
30.125
30.1875
30.125
30.25
30.3125
30.6875
30.8125
30.75
30.625
30.84375
30.78125
30.625
30.8125
30.46875
30.25
30.625
30.5625
30.46875
30.5
30.28125
30.5625
30.78125
30.84375
31.0625
30.96875
31.25
31.0625
30.90625
30.59375
31.0625
30.8125
31.5
31.71875
32.1875
32.65625
32.40625
32.09375
31.9375
31.65625
31.90625
31.75
31.59375
31.25
31.5
31.1875
31.75
31.46875
31.3125
31.375
30.84375
30.84375
30.28125
30.40625
30.375
29.96875
30.125
30.21875
30.375
29.96875
29.90625
29.65625
29.5625
29.71875
29.46875
29.25
29.53125
28.125
27.375
27.53125
27.3125
27.40625
27.53125
27.5
27.40625
27.1875
27.28125
27.125
26.78125
26.9375
27
27.4375
27.5
27.78125
27.78125
27.3125
27.71875
27.84375
28.25
28.09375
28.09375
28.375
28.375
28.625
28.625
28.65625
28.5
28.34375
28.09375
27.875
27.65625
27.34375
27.375
27.4375
27.40625
27.28125
27.6875
28.1875
27.84375
27.875
28
27.78125
27.46875
27.375
27.4375
27.40625
27.375
27.0625
27.40625
27.5
27.53125
27.25
27.40625
27.375
27.3125
27.09375
27.21875
27.75
27.59375
27.34375
27.375
27.59375
27.375
27.4375
27.28125
27.71875
28
28.59375
28.46875
27.875
27.96875
28.0625
28
27.90625
28.03125
28.65625
28.46875
28.6875
28.71875
28.6875
29
28.6875
28.59375
28.1875
28.53125
28.375
28.1875
28.125
28.25
28.34375
28.75
28.65625
28.5
28.4375
28.875
29.34375
29.5625
29.28125
29.375
28.875
29.03125
29.0625
28.875
28.6875
28.78125
28.25
28.40625
28.5
29
29.03125
29.5
29.09375
29.21875
29.28125
29.34375
29.4375
29.1875
29.0625
29
29.0625
29.21875
28.84375
28.9375
28.875
29.03125
29
29
29.03125
29.125
29.0625
29.375
27.875
27.25
27.3125
27.15625
26.5
27.0625
26.875
26.875
27.3125
27.0625
26.9375
26.90625
25.5
25.75
25.5625
25.4375
26.03125
26.0625
25.875
25.75
25.46875
25.1875
24.96875
24.875
25.0625
25
24.46875
24.625
24.15625
24.34375
24.1875
24.34375
24.53125
24.5625
24.5
24.46875
24.28125
24.78125
24.6875
24.875
25.03125
25.09375
24.84375
24.71875
24.4375
24.40625
24.28125
24.8125
24.90625
24.65625
24.5
24.21875
24.03125
24.25
23.96875
23.78125
23.75
23.40625
23.6875
23.65625
23.78125
23.84375
23.625
23.6875
23.53125
23.53125
24.5
24.71875
25
24.9375
25.09375
24.84375
24.75
24.96875
24.46875
24.53125
25.03125
24.71875
24.875
24.65625
24.15625
24.1875
24.375
23.96875
24.21875
24.3125
24.3125
24.65625
24.4375
24.59375
24.90625
25.25
25.78125
25.6875
25.625
25.28125
25.8125
25.9375
25.9375
25.875
25.71875
26.21875
25.8125
25.65625
26
25.9375
25.96875
26
26.21875
26.25
26.4375
26.375
26.75
26.625
26.9375
26.5625
26.5625
26.75
27.15625
27.25
27
26.8125
26.625
26.25
26.03125
26.125
26.46875
26.5
26.53125
26.46875
26.65625
26.625
26.53125
26.46875
26.375
26.46875
26.59375
26.78125
27.71875
27.78125
27.46875
27.28125
27.34375
27.34375
27.21875
27.34375
27.1875
26.84375
27.25
27
27.28125
27.3125
27.625
27.625
27.6875
27.8125
28.09375
28.5
28.5625
28.90625
28.84375
29.03125
28.84375
29.25
29.4375
29.6875
29.6875
29.0625
29.9375
30.21875
30
29.875
30.09375
30.1875
30.15625
30.15625
29.6875
29.96875
30.0625
30.34375
30.21875
30.09375
29.6875
29.6875
29.5
29.78125
29.0625
29.15625
29.1875
29.5
29.40625
29.375
29.625
29.40625
29.34375
29.5
29.75
29.4375
29.78125
30
30.25
30.59375
30.1875
29.96875
30
29.40625
28.96875
28.6875
28.6875
28.28125
27.84375
28.03125
27.875
27.90625
27.4375
27.03125
25.96875
25.75
25.78125
25.8125
25.5
25.9375
26.09375
26.25
25.9375
25.34375
25.5625
25.125
24.75
24.21875
25.09375
26.09375
25.90625
25.96875
25.4375
25.46875
25.625
25.59375
25.59375
26.375
26.46875
26.875
26.96875
26.25
26.09375
26.28125
26.8125
27.09375
26.96875
26.6875
26.25
26.59375
26.34375
26.09375
26.59375
27.25
27.0625
26.84375
26.96875
27.0625
27.375
26.34375
25.875
25.25
25.0625
24.8125
24.84375
25.1875
26.34375
26.90625
26.9375
26.6875
27.15625
27.03125
26.65625
26.5
26.59375
26.375
26.8125
27.09375
26.96875
26.96875
26.625
26.875
27.5625
28.25
28
28.375
28.15625
28.40625
28.6875
28.34375
28.53125
28.15625
28.46875
28.375
28.09375
28
28.40625
28.34375
28.6875
28.65625
27.875
28.125
28.34375
28.21875
28.59375
28.21875
27.8125
27.875
28.375
28.1875
28.4375
28.46875
28.46875
28.375
28.40625
28.34375
28.25
28.03125
28.125
28.03125
27.5625
27.25
26.71875
27.09375
27.03125
26.6875
26.875
27.28125
28.9375
29.40625
29.90625
29.5
29.8125
30.25
30.65625
31.0625
31.125
31.75
31.6875
31.71875
31.84375
32.125
32.46875
32.125
32.375
33.09375
33.1875
33.65625
33.78125
34.34375
34.875
34.46875
33.875
33.3125
33.40625
32.4375
32.71875
32.1875
32.75
32.65625
33.375
33.21875
33.125
32.8125
32.28125
31.75
32.28125
32.03125
31.65625
31.96875
28.78125
28.53125
27.96875
27.90625
28.375
28.46875
28.46875
28.46875
28.0625
28.3125
28.28125
28.375
28.15625
28.25
27.8125
27.8125
27.65625
27.125
26.71875
27.3125
27.46875
27.4375
27.375
27.125
27.09375
27.0625
27
26.84375
26.21875
25.75
26
26.46875
25.90625
25.84375
25.46875
25.9375
26.46875
25.84375
26.46875
26.5
25.6875
26.03125
25.9375
25.8125
25.375
26.15625
26.15625
26.25
26.28125
26.03125
26.09375
26.53125
26.59375
26.25
25.8125
25.75
25.5
25.59375
25.5625
25.375
25.15625
25.09375
24.875
25.21875
25.25
24.78125
24.90625
24.59375
24.84375
24.65625
24.40625
24.28125
24.59375
24.78125
24.53125
24.65625
25.125
24.875
24.6875
24.5625
24.84375
24.8125
24.15625
24.0625
24.5625
25.125
25.5
25.15625
25.1875
25.125
25.125
25.34375
25.40625
25.3125
25.3125
25.0625
25.25
25.09375
24.75
24.8125
24.71875
24.65625
24.75
24.625
24.59375
24.125
23.75
23.9375
23.90625
23.59375
23.71875
23.78125
23.8125
23.625
23.875
24.21875
24.5
24.65625
24.5625
24.84375
25.25
24.90625
25.34375
26
25.71875
25.90625
26.21875
26.34375
26.21875
26.0625
26.15625
26.46875
26.25
26.21875
25.5625
25.90625
25.65625
25.28125
24.75
24.5625
24.71875
24.5
24.3125
24.9375
24.96875
25.3125
26.0625
25.40625
24.96875
25.09375
25.0625
24.625
24.625
24.5625
24.5
24.5625
24.71875
25.0625
24.5625
24.59375
24.25
24.15625
24.15625
24.96875
25.0625
25.03125
24.84375
24.71875
25
24.0625
24.3125
24.125
23.875
23.84375
23.6875
23.78125
24.46875
23.5625
23.125
23.0625
22.8125
22.5
22.5625
22.25
21.28125
21.5625
21.9375
22.15625
22
21.71875
21.375
21.5625
21.21875
21.4375
22.0625
22.0625
22.0625
22.34375
22.59375
22.25
22.5625
22.59375
23.0625
23.65625
23.09375
22.8125
22.71875
22.5625
23.09375
23.84375
23.875
24.09375
23.8125
23.21875
23.90625
23.375
23.28125
23.4375
23.3125
22.96875
22.9375
22.5
22.84375
23.0625
22.8125
22.46875
22.3125
22.4375
22.5625
23.03125
22.6875
22.4375
22.40625
22.40625
22.4375
22.46875
22.34375
22.0625
22.0625
21.9375
21.71875
21.875
22.0625
21.84375
21.65625
21.59375
21.84375
21.96875
21.9375
22.28125
22.40625
22.1875
21.90625
21.875
21.46875
21.53125
21.40625
21.3125
21.28125
21.03125
20.8125
20.84375
20.875
20.71875
20.5625
20.4375
20.78125
20.59375
21.21875
21.28125
21.5
21.875
22.0625
22.125
22.15625
22.375
22.5
22.53125
22.3125
22.03125
22.03125
22.125
22.03125
22.6875
22.65625
23.125
23.46875
23.34375
23.4375
23.28125
23.46875
23.375
23.09375
22.9375
22.90625
22.6875
23.125
22.90625
22.875
22.9375
22.625
22.71875
22.78125
22.6875
22.65625
22.65625
22.4375
22.25
22.59375
22.75
22.65625
22.53125
23
23.25
23.53125
23.28125
23.15625
23.625
23.75
23.8125
23.96875
24.40625
24.28125
24.3125
24.65625
24.46875
24.5625
24.21875
24.53125
24.1875
24.46875
24.375
24.40625
24.46875
24.46875
24.8125
25.0625
23.75
23.21875
23.4375
23.125
23.1875
23.1875
23.09375
23.4375
23.59375
23.84375
23.6875
23.71875
23.5625
22.90625
22.0625
21.78125
22.125
22
22.09375
22.03125
22.09375
22.15625
22
21.65625
21.46875
21.5
21.28125
21.78125
21.59375
21.84375
21.8125
21.65625
21.90625
21.875
21.65625
21.5
21.53125
21.71875
21.875
22
22.09375
21.375
20.78125
20.9375
20.875
21.09375
20.8125
20.90625
20.625
20.5625
20.6875
20.25
20.1875
20.03125
19.625
19.71875
19.9375
19.59375
19.84375
19.625
19.625
19.6875
19.5
18.21875
17.6875
17.125
17.09375
17.125
17.125
17.28125
16.875
16.4375
16.78125
16.5
16.71875
17.21875
17.28125
17.0625
16.5
16.5625
16.875
16.46875
16.25
16.03125
16.21875
16.21875
16.0625
15.78125
15.3125
15.5625
15.8125
16.21875
16.34375
16.5
17.0625
16.9375
16.96875
16.8125
16.75
16.46875
16.34375
15.65625
15.4375
15.59375
15.71875
14.03125
12.96875
13.25
12.84375
12.21875
12.9375
12.8125
13.1875
12.9375
12.4375
12.53125
12.59375
12.53125
12.21875
12
11.75
11.625
11.9375
12.1875
11.9375
12.1875
12.0625
12.375
12.09375
11.71875
11.59375
12.15625
12.21875
12.25
12.40625
12.5625
12.875
13.15625
13.03125
12.78125
12.84375
13
13.21875
13.34375
13.0625
12.78125
12.6875
12.5
12.625
12.625
12.625
12.8125
12.78125
12.96875
13.4375
13.59375
13.6875
13.5625
13.8125
13.71875
13.8125
14.03125
14.15625
13.96875
13.71875
13.90625
13.75
13.78125
13.625
13.65625
13.4375
13.40625
13.5625
12.78125
12.625
12.84375
12.9375
12.5
12.71875
12.96875
13.15625
13.15625
13
13.0625
12.5625
12.75
12.34375
12.25
12.1875
12.25
12.3125
12.65625
12.28125
12.125
11.9375
12.09375
12.09375
12.46875
12.21875
12.15625
12.3125
12.3125
12.34375
12.0625
12.15625
12.21875
12.21875
12
11.875
11.96875
11.90625
12.25
12.40625
12.3125
12.09375
12.4375
12.59375
13.1875
13.3125
13.1875
13
13.46875
13.46875
13.5
13.0625
13.0625
13.21875
13.125
13.125
13
12.46875
12.59375
12.40625
12.34375
12.3125
12.3125
12.15625
12.1875
12.4375
12.59375
12.34375
12.34375
12.3125
12.0625
11.71875
11.65625
11.65625
11.65625
12.03125
11.90625
11.84375
11.875
11.40625
10.90625
10.71875
10.90625
10.84375
10.5625
10.59375
11.40625
11
10.96875
11.125
10.96875
10.84375
11.09375
10.9375
10.84375
10.78125
10.8125
10.5625
10.4375
10.40625
10.25
10.75
10.6875
10.75
10.78125
11.09375
10.96875
11
11
11.03125
11.15625
11.4375
11.46875
11.5
11.4375
11.375
11.09375
11.09375
10.9375
10.96875
10.875
10.90625
10.875
10.84375
10.5625
10.53125
10.46875
10.46875
10.4375
10.4375
10.4375
10.40625
10.5
10.96875
11.0625
10.9375
11
11
11.0625
11.03125
10.9375
10.78125
10.65625
11.125
11
10.84375
10.90625
11.25
11.125
11.21875
11.5625
11.5
11.4375
11.5
11.9375
12.71875
12.6875
12.4375
12.46875
12.5625
12.28125
12.46875
13
12.90625
12.75
13.1875
12.96875
13.1875
12.96875
13
13.28125
13.78125
13.9375
13.59375
13.46875
13.28125
13.4375
13.375
13.4375
13.4375
13.46875
13.40625
13.8125
14.34375
14.03125
14.21875
14.375
14.9375
14.59375
14.65625
14.8125
14.65625
14.78125
14.59375
14.53125
14.25
14.125
14.40625
14.75
14.875
14.625
14.71875
14.8125
14.65625
14.53125
14.6875
14.65625
14.375
14.28125
14
13.8125
13.8125
14.65625
14.5625
14.09375
14.28125
14.4375
14.125
14.125
14.09375
13.9375
13
13.5625
13.40625
13.28125
13.21875
13.3125
13.5
13.625
13.65625
13.1875
13.15625
13.40625
13.375
13.21875
13.21875
13.21875
13.40625
13.25
13.15625
13.15625
13.0625
13.6875
13.84375
14
13.96875
14.375
14.34375
14.5625
14.46875
14.28125
14.65625
14.5625
14.3125
14.09375
13.5
13.40625
13.15625
13.375
13.65625
13.25
13.34375
13.28125
13.28125
13.125
13.25
13.21875
13.09375
13.46875
13.25
13.34375
13.1875
13.0625
14.59375
14.6875
14.8125
14.625
14.28125
14.375
14.5
14.59375
14.4375
14.28125
14.125
14.25
14.5
14.3125
14.3125
14.375
14.625
15.3125
15.1875
15.34375
15.53125
15.4375
15.78125
15.90625
16
15.90625
15.75
15.875
15.5
15.25
15.65625
15.65625
15.40625
15.5
15.65625
15.9375
16.25
15.9375
15.71875
15.59375
15.40625
15.25
15.5
15.21875
14.96875
15.375
15.28125
15.09375
14.6875
14.25
14.0625
14.25
14.1875
14.15625
13.90625
13.96875
14.1875
14.5625
14.21875
14.21875
13.90625
13.96875
15.59375
15.34375
15.5625
15.59375
15.625
15.5625
15.46875
15.71875
15.5625
15.75
15.78125
15.59375
15.8125
16.125
16.03125
16.15625
15.9375
16.09375
16.15625
16.21875
16.5625
17.03125
16.9375
16.90625
16.84375
17.34375
17.5
17.34375
17.34375
17.125
16.96875
16.8125
16.875
16.875
16.96875
16.8125
16.96875
17.3125
17.4375
17.4375
17.75
17.59375
17.5625
17.375
17.40625
17.28125
17.25
17.25
17.125
17.375
17.40625
17.21875
17.09375
17.28125
17.1875
17.78125
17.875
17.90625
18.28125
18.0625
18.28125
18.3125
18.59375
18.84375
18.75
18.65625
18.25
18.46875
18.59375
18.53125
19.03125
18.625
18.46875
18.5625
18.375
17.78125
17.96875
18.25
18.5
18
18.09375
18.21875
18.28125
18.1875
18.28125
18.3125
18.21875
17.4375
17.5
17.6875
17.65625
17.65625
17.6875
17.375
17.84375
17.84375
17.90625
17.8125
17.53125
17.875
17.65625
17.4375
17.5625
17.625
17.53125
17.90625
17.6875
18.40625
18.375
18.375
18.5625
18.25
18.59375
18.375
18.4375
18.59375
18.5
18.78125
18.875
19.15625
19
19
19.09375
19.375
19.375
19.3125
19.125
18.84375
18.5625
18.5
18.09375
18.09375
18.125
17.9375
18.03125
18.40625
18.59375
18.65625
18.59375
18.5625
18.5625
18.75
18.75
18.71875
18.90625
18.90625
18.875
18.75
18.5625
18.5625
18.5625
18.71875
18.5
18.8125
18.84375
19.3125
19.96875
20.0625
19.9375
19.9375
20.15625
20.28125
20.5
20.375
20.4375
20.875
20.65625
20.875
20.5625
20.40625
20.84375
20.90625
21.25
21.125
20.75
20.59375
20.53125
20.71875
20.75
21
20.96875
21
21.5
21.6875
21.78125
21.59375
21.96875
22.0625
21.78125
22.25
22.90625
23.375
23.40625
23.8125
24.21875
23.65625
23.03125
23.21875
23.5625
23.4375
23.28125
23.4375
23.40625
23.46875
23.5625
23.59375
23.75
23.65625
23.71875
23.28125
23.34375
23.8125
24.3125
24.03125
24.1875
23.75
23.15625
23.25
23.5625
23.46875
22.8125
22.84375
22.46875
22.34375
22.28125
22.5625
22.9375
23.25
23.25
23.15625
23.4375
24.4375
24.28125
24.375
24.65625
24.5625
23.84375
24.03125
24.25
24
24.40625
24.1875
24.71875
24.875
25.15625
24.9375
25.40625
25.9375
25.96875
26.8125
26.75
25.3125
26.03125
25.90625
26.875
27.09375
27.25
27.6875
27.65625
27.21875
27.40625
26.875
27.25
27.15625
27.21875
27.40625
27.46875
27.28125
27.3125
27.6875
28
28.09375
28.40625
27.84375
26.6875
26.90625
26.65625
26.21875
25.96875
25.40625
25.59375
25.40625
25.84375
25.6875
25.28125
25.1875
24.84375
24.71875
24.09375
24.375
23.65625
23.34375
23.0625
23.53125
24.1875
23.9375
23.59375
23.46875
23.1875
23.21875
23.59375
23.46875
23.625
23.375
23.71875
23.4375
23.625
23.53125
23
22.6875
23.125
23.25
23.125
23.5
24.21875
24.09375
24.5625
23.84375
24.75
24.5
24.03125
23.96875
24.125
24.5625
24.3125
24.21875
24.90625
25.375
25.125
24.6875
24.4375
24.59375
24.34375
24.34375
23.84375
23.875
23.90625
23.78125
23.25
23.625
23.8125
23.96875
23.96875
24.25
24.28125
24.15625
23.6875
24.03125
23.9375
23.9375
23.6875
24.21875
24.0625
23.84375
23.625
23.4375
22.5625
22.25
22.96875
22.34375
22.71875
22.8125
22.9375
23
22.53125
22.84375
22.71875
22.3125
21.71875
22.15625
22.28125
21.6875
21.8125
21.8125
21.59375
20.78125
21.75
21.90625
24.0625
25.5
25.5625
25.75
26.75
26.03125
26.1875
26.625
27.15625
27.125
27.25
27.40625
28.0625
28.6875
28.15625
28.375
28.375
28.8125
28.40625
28.5625
29.40625
29.5
29.78125
30.0625
31.03125
31.40625
31.21875
32.1875
31.84375
30.65625
29.53125
29.03125
29.75
29.25
29.28125
28.5625
29.3125
28.5625
28.96875
29.21875
29.96875
31.15625
30.4375
29.25
28.71875
28.5625
27.1875
27.6875
27.8125
27.4375
27.8125
27.59375
29.40625
29.9375
29.4375
29.84375
29.46875
29
29.375
27.875
28.53125
28.875
26.3125
26.375
26.34375
26.8125
26.75
26.6875
27.0625
26.9375
27.15625
26.9375
26.96875
26.96875
27.03125
26.75
26.46875
26.46875
26.75
26.59375
26.90625
27.15625
27.25
27.15625
27.71875
28.03125
27.75
27.59375
27.3125
27.1875
27.0625
26.71875
26.8125
26.6875
26.34375
26.46875
26.21875
25.3125
25.4375
25.65625
25.78125
25.75
25.8125
25.40625
25.625
25.3125
25.53125
25.1875
24.65625
24.90625
24.9375
24.65625
24.71875
24.75
25.375
25
24.625
24.46875
24.59375
24.75
24.71875
24
23.6875
22.71875
23.9375
23.53125
23.5625
23.4375
23.125
22.5625
22.9375
25.90625
25.96875
26.1875
26.84375
26.875
26.8125
27.21875
27.3125
27.40625
28.15625
28.375
28.09375
28.03125
27.34375
27.8125
27.71875
27.5
27.5
27.625
28.0625
28.15625
28.25
28.125
27.9375
28.75
28.78125
28.59375
28.8125
28.65625
28.28125
28.875
29.40625
29.53125
29.5
29.3125
30.53125
30.6875
30.90625
31.125
30.875
30.75
31.0625
31.03125
31.625
31.09375
31.1875
31.125
30.9375
31.46875
31.25
31.65625
31.96875
32.09375
31.5625
31.9375
32.46875
32.5
32.375
31.90625
31.40625
32.34375
32.53125
31.75
32.3125
31.84375
31.625
31.84375
31.40625
31.59375
32.25
31.875
32.1875
32.5625
33.34375
33.4375
33.59375
33.625
33.3125
33.6875
34.21875
36.25
36.6875
38.53125
38.15625
38.53125
39.625
39.40625
39.5
39.53125
39.84375
40.75
40.65625
40.5
39.625
38.90625
40
39.4375
39.03125
37.90625
38.21875
37.15625
37.96875
39.65625
39.53125
38.65625
38.5625
38.9375
38.9375
38.78125
38.40625
37.875
38.3125
39.78125
40.3125
40.84375
39.96875
40.46875
40.75
40.96875
41.75390625
41.15625
41.375
41.3125
41.75
42
39.5
37.9375
37.625
36.4375
37.6875
39.09375
39.3125
39.21875
38.71875
38.40625
37.1875
36.5
37.1875
35.6875
36.3125
36.25
36.59375
36.25
36.3125
35.90625
35.3125
34.40625
35.96875
36.625
36.71875
35.75
35.9375
36.28125
36.21875
36.375
36.65625
36.1875
36.53125
36.5
36.21875
35.71875
35.90625
34.875
34.84375
34.46875
34.21875
33.125
34.1875
33.96875
35.0625
34.25
34.3125
34.1875
33.4375
32.78125
32.3125
33.125
34.15625
33.28125
33.25
33.34375
34.125
34.46875
34.375
34.4375
34.9375
34.34375
35
35.59375
38.40625
37.6875
37.59375
39.59375
40.125
40.34375
40.53125
41.53125
41.375
40.53125
41.84375
41.875
43.375
43.40625
43.46875
43.46875
42.5
42.1875
43.4375
43.78125
43.125
43.34375
44.8125
45.0625
43.875
43.25
43.5625
42.1875
41.6875
41.4375
42.8125
43.4375
43.125
43.5625
44.0625
44.5
44.625
44.9375
44.5
44.8125
44.9375
43.875
45.90625
45.9375
45.3125
45.625
45.125
45.90625
46.71875
47.40625
47.25
47.875
48.09375
47.875
47.875
47.625
48
48.8125
49.8125
52.25
51.875
51.5
52.5625
53.90625
53.5
52.5
51.4375
53
52.875
52.375
53.125
53.25
53.9375
53.6875
52.625
51.5
51.71875
52.1875
51.8125
49.96875
52
53.96875
54
52.875
53.1875
52.5
51.65625
51.9375
50.5625
50.6875
52.03125
51.78125
51.875
51.8125
51.4375
50
48.5
49
48.875
48.125
49.8125
49.8125
49.375
49.625
51.9375
51.625
50.78125
50.8125
51.3125
52.5
53
51.75
52.28125
52.15625
52.40625
53.40625
52.625
52.3125
52.46875
52.25
51.65625
50.84375
49.9375
47.71875
48.75
52.59375
52.5625
50.1875
49
45
49.6875
49.125
47.90625
49.25
50.8125
50.96875
51.375
50.53125
49.75
48.84375
49.5
48.3125
49.5625
50.75
51.75
51.0625
51.53125
52.375
52.78125
51.5625
53.6875
54.875
54.75
56.28125
55.375
55.1875
54.625
56.125
56.4375
55.1875
53.25
50.8125
50.1875
50.4375
51.875
51
50
51.0625
51.28125
49.3125
49.5625
50.84375
51.375
51.5625
52.3125
52.8125
53.21875
52.625
52.125
52.09375
50.03125
50.0625
51.0625
51.3125
51.71875
52.5
54.1875
50.0625
49.6875
49.59375
49.0625
48.25
48.5
49.09375
49.375
50.28125
49.6875
49.15625
49.78125
49
49
50.4375
51.34375
51.4375
51.1875
51
51.375
51.375
51.3125
51.4375
51.25
52.625
52.75
52.21875
50.96875
51.0625
49.5
49.46875
49.0625
48.0625
48.75
49.5625
50.125
49.8125
50.625
50.4375
50.78125
51.4375
51.03125
50.6875
51.75
53
52.53125
52.1875
51.625
51.9375
52.21875
52.90625
52.34375
53
52.34375
52.25
53.1875
52.09375
53.125
54.875
53.90625
53.875
55.59375
59
57.375
58.75
58.6875
57.65625
57.84375
57.78125
57.9375
58.4375
58.3125
58.90625
58.625
58.5625
60
59.65625
59.8125
60.9375
62.90625
62.46875
62.3125
62.5
61.75
61.8125
60.96875
60.5
60.125
60.03125
58.75
58.59375
57.78125
56.9375
58.03125
59.4375
59.40625
59.625
58.625
58
58.125
56.125
55
55.5
54.40625
53.0625
54.0625
55.875
56
56.21875
56.5
57.0625
57.40625
58.375
57.59375
56.84375
56.9375
57.5
58.53125
59.25
59.6875
59.8125
58.5
59.1875
60.09375
61
64.0625
63.71875
61.9375
62.125
62.75
62.71875
63.875
66.6875
66.25
66.375
63.40625
64.375
64.875
64.5625
64.9375
64.25
64
63.09375
62.6875
62.5625
64.4375
64.96875
64.03125
63.9375
64.28125
64.21875
65.4375
62.625
61.28125
56.3125
58.96875
60.25
60.875
59.6875
62.96875
61.75
61.25
63.28125
64.5625
65
65.25
63.375
62.34375
64.09375
63.875
66.03125
65.28125
66.75
66.8125
65.71875
64.25
62.6875
62.40625
60.125
59.625
60.375
61.75
63.65625
65.4375
64.09375
65.25
68.25
67.96875
69.6875
68.9375
71.34375
70.90625
70.78125
71.53125
72.1875
73.09375
74.375
74.25
74.1875
73.6875
73.9375
74.5
74.96875
75.6875
78
78.5625
78.9375
78.71875
79.6875
79
79.5
79.28125
80.0625
83.28125
82.625
83.375
85
82.5625
84.9375
83.71875
81.75
82.125
83.59375
84.09375
84.71875
82.5
84
81.4375
82.5
82.1875
83.03125
85.78125
88.1875
91.125
92.5
93.96875
94.625
93.5625
93.375
92.1875
91.5
94.8125
94.375
95.09375
93.78125
94.625
92.53125
92.75
90.3125
92.46875
96.125
97.25
98.5
89.875
91
92.8125
89.15625
89.34375
91.625
89.875
88.375
87.625
84.78125
83
83.5
81.375
84.4375
89.25
86.375
86.25
85.25
87.125
85.8125
88.96875
88.46875
86.875
86.8125
84.875
84.1875
83.875
83.375
85.5
89.1875
89.4375
91.09375
90.75
91.4375
89
91
90.5
89.03125
88.8125
84.28125
83.5
82.6875
84.75
85.65625
86.1875
88.9375
89.28125
88.625
88.5
91.96875
91.5
93.25
93.5
93.15625
91.71875
90
89.6875
88.875
85.1875
83.375
84.875
85.9375
97.25
99.875
104.9375
106
102.5
102.40625
104.59375
106.125
106
106.0625
104.625
108.625
109.3125
110.5
112.75
123
119.625
118.75
119.25
117.9375
116.4375
115.1875
111.875
110.59375
118.125
116
116
112
113.75
112.9375
116
120.5
116.625
117
115.25
114.3125
115.5
115.875
120.6875
120.1875
120.75
124.75
123.375
122.9375
122.5625
123.125
122.5625
124.625
129.25
131
132.25
131
132.8125
134
137.375
137.8125
137.875
137.25
136.3125
136.25
134.625
128.25
129
123.875
124.8125
123
126.25
128.375
125.375
125.6875
122.25
119.375
118.5
123.1875
123.5
122.1875
119.3125
123.3125
121.125
123.375
127.375
128.5
123.875
122.9375
121.75
124.4375
122
122.375
122.9375
124
123.1875
124.5625
127.25
125.875
128.859375
132
130.75
134.75
135
132.375
133.3125
131.9375
130
125.375
130.125
127.125
125.1875
122
125
123
123.5
120.0625
121
117.75
119.875
122
119.1875
116.375
113.5
114.25
110
105.0625
107
107.875
107
107.125
107
91
93.9375
93.875
95.5
93
94.9375
98.25
96.75
94.8125
94.375
91.5625
90.25
93.9375
93.625
97
95
95.875
94.0625
94.625
93.75
98
103.9375
107.875
106.0585938
104.5
105
104.1875
103.0625
103.4179688
105.265625
111.875
116
116.625
118.2734375
113.375
109
109.6992188
109.25
107
109.1875
110
109.2070313
110.125
108
108.625
109.75
109.8125
109
108.75
107.875
116
112.0625
116
114
113.5
118
119
119.5
118.25
119.625
115.75
119.5
119
121.5
121.5
119.125
116.75
113.5
111.5625
112.25
110
113.5
117.125
115.625
114.125
118.8125
117.375
119.125
115.375
116.0625
117.125
115.75
116.75
112.5
111
108.75
110.5
108
104.5
102.75
100.25
103.125
108
103.0625
103
106.25
108
105.25
107.6875
108.625
107
109
110
112.75
113.5
114.25
115.25
120.625
126.875
122.5
119
122.75
118.375
122
121.1875
125
122.75
123.125
122.125
119.375
113.75
110.625
105
111.875
111.5
105
104
106.5
112.5
110.5
110.625
111.5
112
111.375
108.125
107.625
107.875
109.75
109
103
104.4375
104.4375
104.1875
109
107.875
106.0625
106.4375
109.25
107.375
109.625
106.5
106.9375
110.9375
107.3125
106
108.8125
112.8125
112.375
121
119.75
119.6875
118.8359375
119.3125
116
116.8125
113.25
120.375
116.375
114.5
111.8125
111.875
114.40625
109.75
113.78125
114
109.5625
109.5
105
101.25
105.0625
103.3125
102
104.625
104
103.9375
105.5
103.3125
108.75
117.25
114.75
112.5
112
109.875
110.3125
111.8125
112.25
110.5
114.25
116
115.875
116.3125
118.875
118.75
119.75
120.625
123.25
122
122.375
122.5
120.4375
121.4375
121.375
123.25
124.8125
129
131.5
132.875
130.3125
132.0195313
133.625
131.1875
131.4375
133.3710938
129.5
124.5
125
127.6875
126.875
125
123.25
124.9375
124.75
121.5
123.875
123
119.125
118
115.25
112.625
117.8125
110.5625
114.375
113.1875
116
117.9375
114.875
112
103.125
109.0625
111.125
113
95.4375
96.4375
94.75
92.875
91.4375
87.5625
92.75
93.6875
93.3125
98.5
98.5625
101.9375
100.125
100.3125
102.3125
100
99.4375
93
97.4375
99.5
99.375
98.25
101.9375
103.25
98.5
98.5
99.9375
98.4375
97.875
99.8125
93.5
95.625
98.375
103.375
96.75
95.375
97
95
93.875
91.25
92.4375
87.8125
90.5
90.125
86
81.5625
89
84.8125
84.6875
85.25
85
84.8125
94.625
93.1875
94
93.5625
92.5625
93.4375
93.6875
93.8125
92.75
96.6875
108.3125
111.25
108.5625
109.0625
110.4375
110.75
114.1875
114.98
116.61
112
114.05
110.27
112.22
114.19
116.91
114.1
112
114.9
113.75
115.1
116.78
115
111.5
107.51
108.9
104
105.3
102.59
99.9
106.05
102.3
104.91
106
107.55
106.47
99.29
95.49
98.39
94.96
95.56
90.1
92.6
88.3
89.08
89.1
93.51
95.4
99.5
94.41
95.04
96.18
94.66
90.39
92
98.21
97.95
96
99.05
97.43
96.2
96.75
99.7
106.5
114.47
114.83
112
112.67
114.85
113.74
116.2
115.14
118.51
115.4
113.7
115.86
115.9
117.7
116.98
115.2
111.81
112.56
113.58
115.8
115.07
117.44
119.04
118.01
117.4
119.6
117.8
115.27
112.65
111.8
112.89
113.64
116.97
117.5
117.25
116.1
117.36
117.25
116.54
115.75
113.6
114.27
114.84
113.09
112.6
112.87
112.65
113.04
113.52
115.1
113
114.35
112.98
112.1
106.5
104.72
101.96
103.85
107.25
108.53
107.82
108.53
104.28
104
105.7
105.85
104.51
104.89
106
104.7
105.85
105.21
107.06
108.8
108.18
106.51
106.25
104.19
104.08
104.95
105.86
106.2
105.01
105.75
104.59
104.1
101.89
103.96
103
106.99
106.86
104.95
104.13
100.36
99.95
101.49
100.35
98
96.59
96.47
93.34
96.4
96
93.4
90.5
94.8
94.45
91.3
90
91.72
92.71
93.77
96.95
97.31
98.02
98.5
97.14
97.25
99.4
100.84
102
101.85
102.9
101.26
102.65
105.25
105.81
108.57
110.66
111.16
108.62
108.65
108.07
109.89
109.5
109.97
114.19
113.85
113.81
114.08
114.86
116.7
114.35
114.75
114.5
115
115.44
114.34
115.35
116.33
114.2
112.15
114.43
115.59
114.13
116.64
121.4
120.14
120.4
119.66
121.5
123.2
120.25
121.1
121.34
122.2
123.89
122.7
122
121.45
122.4
123.5
122.9
120.96
121.5
123.66
125.6
124.05
124.7
124.49
122.14
120.31
118.05
118.85
117.4
119.9
114.25
110.5
107.9
108.72
109.28
108.15
103
105.55
107.89
108
106.8
106.3
106.63
103.91
104.99
107.38
106.57
108.07
107.89
102.89
99.54
99.31
96.38
98.45
98.3
97.15
97.83
98.12
103.02
105.9
105.67
106.3
103.71
105.09
105.24
108.5
107.18
106.6
106.79
106.35
107.49
105.5
106.78
105.6
103.56
102.9
103.39
104
102.86
100.95
99.96
100.84
97.25
87.41
87.74
89.01
84.19
85.6
85.35
86.2
84.81
88.95
89
87.93
87.33
86.5
86.71
84.71
83.89
83.76
84.3
83.86
81.78
76
76.5
82.45
79.93
79.68
82.19
85.48
84.5
85.45
85.69
84.45
83.45
84
84.35
83.1
82.08
81.6
82.25
80.45
78.11
79.31
80.55
79.66
78.3
76.8
75.49
74.65
75.6
76.17
77.14
75.94
73.35
71.58
68.75
69.7
68.6
70.05
71.9
72
67.6
68.58
70.51
73.5
71.3
69.67
68.76
69.41
69.21
71
69.01
70.69
72.05
72
68.5
67.05
69.54
69.35
66.4
71.18
71.79
70.4
68.25
67.88
65.99
67.9
69.17
71.61
71.83
71.77
71.9
74.92
76.5
79.35
82.49
81.27
81
81.99
80.4
79.42
77.96
76.06
76.62
75.38
72.35
73.73
72.18
73.2
74.5
75.6
74.2
71.87
72.5
72.32
71.75
69.55
64.8
63.92
63.37
59.75
63.01
62.02
60.36
58.31
61.17
59.63
60
56.6
56.86
57.05
55.07
57.58
63.92
63.42
68.48
64.9
72.2
74.25
75.55
74.49
74.6
72.1
74.56
76.56
76.74
78.67
78.94
80.4
82.5
81.68
81.54
78.95
77.59
77.29
79.15
79.35
80.72
80.01
79.18
78.37
81.61
84.9
84.43
86.2
85.06
87.7
86.92
87.3
85.21
83.69
83.06
82.32
79.59
80.8
81.44
80.17
80
81.62
80.31
79.13
78.66
79.79
80.26
79.76
78.5
77.36
76.25
77.5
80.57
81.65
83.59
86
84.19
87
87.68
87.51
88.58
87.59
86.05
81.3
80.54
79.7
81.05
78.99
78.42
80.11
80.32
78.3
78.2
78.18
77.09
77.26
77.51
77.1
77.91
77.39
76.5
75.86
77.45
79.33
79.51
79.04
79.95
78.56
79.07
77.4
77.28
77.95
77.33
76.7
77.73
77.07
77.9
75.7
75.35
75.18
78.45
79
82.46
82.47
82
82.2
84.9
82.25
83.45
81.55
81.45
80.85
78.43
78.73
81.46
81.91
80.79
80.47
80.07
78.71
79.01
78.75
80.07
82.79
82.88
84.26
83.36
85.63
85.75
85.2
83.88
85.12
85.66
84.9
85.89
87.57
86.52
87.51
86.68
86.05
87.55
89
89.98
88.7
89.9
88.99
86.45
85.77
86.18
86.08
85.26
87.69
87.57
87.36
88.04
87.33
83.82
84.25
81.9
80.05
82
81.71
83.97
83.95
82.75
84.5
84.3
84.7
84.55
84.92
83.18
83.63
82.49
84.35
83.42
82.5
83.59
84.74
83.95
86.09
86.25
85.47
84.03
84.89
85.42
86.44
86.74
83.33
83.72
82.5
81.85
82.3
81.51
83.55
82.54
81.8
80.96
81.25
81.27
81.13
79.85
79.75
80.69
80.88
81.02
81.51
81.2
81.56
81.79
83.52
83.19
83.05
82.85
82.97
81.96
82.5
82
81.9
82.01
85.76
86.33
87.91
86.95
89.1
89.42
87.84
87.92
88.7
88.49
90.29
90.63
92
93.28
91.39
91.34
89.4
89.41
89.05
89.45
88.33
90.35
90.08
90.64
91.18
91.7
92.66
92.45
92.67
93.2
92.72
92.74
89.28
89.23
89
88.93
88.46
88.15
88.42
88.52
89.9
89.34
89.12
89.48
89.68
89.14
88.49
89.34
88.26
89.95
89.36
90.69
91.09
90.25
89.8
88.95
89.4
88.39
88.63
89.66
89.43
89.91
90.54
91.01
90.75
90.3
91.42
90.64
91.2
90.63
91.73
92.4
92.71
92.11
93.98
93.4
92.73
93.14
93.39
92.79
92.27
92.9
93.52
92.63
92.68
91.55
93.05
93.06
92.78
93.04
91.21
91.55
89.7
90.31
94.02
95.32
97.1
97.7
97.51
97.9
99.85
98.8
97.38
98.01
99.23
99.39
100
100.19
98.86
98.94
98.95
99.61
99.96
99.3
99.71
99.37
98.42
97.8
97.31
95.96
96.79
96.54
96.79
96.5
97.04
96.82
96.84
96.39
96.45
94.59
94.53
93.06
91.21
93.3
91.82
92.45
93.39
92.85
91.62
91.02
91.32
91.77
92.39
92.77
92.68
92.32
91.84
92.37
94.2
94.18
93.7
93.08
93.12
93.74
93.04
93.7
93.97
92.28
91.94
90.65
91.26
90.74
91.28
90.43
91.11
90.41
89.08
88.17
88.02
89
88.96
88.36
88.19
86.88
87.13
86.81
87.19
86.41
85.53
86.06
87.05
87.42
87.13
87.1
88.7
88.35
88.59
88.59
88.12
87.98
87.35
87.56
88.64
90.04
90.09
90.46
90.07
90.54
90.38
90.44
90.06
89.49
90.02
90.79
89.99
89.55
88.71
88.29
88.15
87.5
87.04
85.7
85.35
83.65
83.89
84.95
85.25
84.13
84.02
84.28
85.3
86.36
85.3
86.06
84.85
85.09
85.88
85.85
86.77
87.07
86.69
85.71
85.97
85.19
83.48
83.55
84.99
83.69
82.21
83.91
84.02
84.04
85.13
84.89
85.25
84.65
84.71
85.07
84.69
84.94
84.4
84.69
84.22
84.57
84.39
84.97
85.86
86.44
86.76
86.49
86.72
86.37
86.12
85.74
85.7
85.72
84.31
83.88
84.43
84.16
84.48
84.98
85.74
86.72
87.16
87.32
88.04
87.42
86.71
86.63
86
84.98
84.78
84.85
85.92
89.37
88.82
88.1
87.39
88.43
89
90
89.5
89.75
90.11
90.47
91.2
92.38
93.28
93.37
93.37
93.61
94.79
95.32
95.92
94.89
95.46
95.1
94.45
95.11
95.28
95.46
94.72
95.5
94.24
95.88
95.76
97.08
97.67
96.1
96.65
97.51
96.67
96.45
97.31
97.33
97.45
96.2
96.55
97.02
97.61
97.72
97.5
98.3
98.18
98.3
98.58
97.75
96.7
96.5
96.2
95.78
95.68
95
95.21
94.45
94.1
94.9
93.1
93
92.38
91.79
92.19
91.95
91.98
92.89
93.42
93.86
94.3
93.54
94.51
94.53
94.13
92.7
92.76
93.3
93.57
94.33
94.62
93.75
93.27
92.32
92.1
92.64
92.8
92.58
93.3
92.92
92.41
92.37
91.6
92.13
92.35
92.41
91.51
91.9
91.38
90.65
89.86
89.28
89.51
89.5
90.52
90.7
91.04
90.6
90.68
91.38
90.44
90.32
89.57
89
88.44
87.6
86.2
85.75
84.57
83.64
76.7
76.65
75.48
72.01
74.03
74.21
74.61
75.43
77.05
75.91
76.38
76.51
76.47
77.08
75.5
75.26
74.98
73.3
73.28
72.62
73.16
74.34
74.29
76.36
77.16
76.41
76.51
75.81
76
77.14
77.1
75.55
76.84
77.35
75.79
75
75.04
74.8
74.93
74.77
75.05
74.89
76.3
77.05
76.39
76.55
76.41
77.23
75.41
74.01
73.88
75.3
74.73
74.2
74.67
74.79
75.81
77.38
79.3
78.96
80.04
81.45
82.42
82.38
81.81
83.7
84.6
84.4
84.44
84.2
84.12
83.87
83.8
83.46
83.43
83.31
84.06
83.12
83.36
83.36
83.5
82.02
82.66
82.19
82.5
81.3
81.3
81.15
82.76
82.6
82.03
81.32
81.1
80.38
81.34
80.54
80.62
79.54
79.46
81.02
80.98
80.8
81.44
81.48
80.75
80.48
80.01
80.33
79.43
78.7
77.56
78.21
78
77.41
77.99
79.5
80.36
80.22
80.45
80.11
79.82
79.7
80.5
81.25
83.19
82.19
82.2
82.35
82.59
83.48
84.17
83.17
83.33
83.47
83.36
82.89
82.31
81.42
81.88
81.59
81.06
82.87
83
83.61
83.15
82.84
83.99
84.55
84.36
85.53
86.54
86.89
87.77
87.29
87.99
88.8
88.8
89.11
89.1
88.9
89.21
88.65
88.43
89.14
88.72
87.5
86.97
85.96
83.71
83.13
83.53
83.37
82.76
82.48
83.12
83.22
83.48
82.99
83.04
82.4
82.2
82.06
81.95
82.5
84.95
83.73
84.07
84.17
83.57
83.17
83
83.8
83.09
81.36
81.41
80.85
80.91
80.72
81.02
81.63
81.3
81.94
81.23
79.97
79.51
79.85
80.8
80.4
81.33
80.44
81.09
80.85
80.91
80.71
80.5
81.35
80.2
80.1
80.63
80.24
79.9
79.94
79.96
80
80.29
81.14
81.02
81.57
81.93
82.88
83.38
82.87
83.3
83.58
83.81
84.45
83.2
83.36
83.08
82.43
83.13
83.2
82.47
83.06
83.45
84.17
83.81
82.48
82.1
81.16
80.75
81.98
81.64
83.31
81.86
82.02
81.66
82.11
82.67
83.35
83.88
82.34
82.23
82.42
82.7
82.43
83.28
82.89
83.23
82.9
82.46
82.39
82.89
82.16
81.27
80.66
80.28
80.02
79.83
79.78
80.14
80.75
80.16
79.9
80.69
79.52
79.06
79.76
79.15
77.03
77.63
77.02
76.93
77.71
78.56
77.95
77.67
77.99
78.3
77.19
77.1
77.15
76.63
76.56
77.59
76.82
78.02
77.77
78.09
76.42
76.67
76.47
75.48
74.24
73.57
73.7
74.26
76.07
75.48
74.86
75.99
75.89
75.83
76.15
76.96
77.41
76.14
76.32
76.33
75.91
75.52
75.33
75.39
75.74
75.48
76.68
77.08
79.09
79.37
79.9
79.28
78.95
78.67
79.38
79.88
80.32
81.4
81.22
80.97
81.41
80.85
80.28
79.4
80.66
80.93
82.28
82.21
82.47
82.94
82.24
81.87
83.42
81.61
81.21
82
82.5
82.09
81.99
81.94
81.87
81.65
83.1
82.92
83.14
84
84.19
84.19
84.7
86.08
86.71
86.95
89.82
89.86
90.48
91.56
91.49
91.83
91.54
90.76
91.5
92.33
91.8
91.68
91.41
92.6
92.75
92.59
92.42
91.76
92.07
93.29
93.11
93.47
93.81
93.25
93.08
93.52
93.35
91.45
91.35
91.52
91.92
91.25
93.51
94.48
94.12
94.23
93.86
93.64
94.12
94.77
95.36
95.3
95.44
96
96
95.91
95.25
95.66
97.2
96.97
97.15
97.27
98.31
97.42
98.9
100.07
98.89
98.65
99.34
100.82
100.02
99.45
96.17
97.11
97.08
97.4
97.51
97.45
98.54
99.37
99.15
99
99.17
100.38
99.85
99.54
99.62
98.55
98.58
98.29
99.2
98.92
98.99
99.35
99.09
98.5
97.73
96.91
93.96
92.94
92.27
90.9
91.81
93.8
93.94
93
93.28
94.11
92.71
93.76
93.45
93.25
93.99
94.5
95.36
95.19
95.03
95
94.73
94.26
94.57
94.26
95.21
96.1
96.21
96.52
96.62
96.46
95.16
95.67
94.93
96.18
97.12
94.8
94.29
94.58
95.21
98.49
101.46
100.9
101.17
102.21
103.17
102.22
102.8
102.96
103.16
103.29
104.38
104.68
105.98
105.57
104.83
105.87
105.31
107.99
107.04
106.7
105.58
103.95
105.18
105.91
106.93
106.6
106.54
106.23
105.84
102.41
101.8
103.07
103.22
102.34
103.12
103.85
105.09
105.33
106.5
106
106.6
104.44
105.1
105.33
105.43
105.95
105.25
105.01
106.58
108.05
109.03
108.97
108.63
109.1
109.28
108.6
109.66
110.77
111.08
115.86
114.81
116.38
116.17
118.1
116.53
115.62
114.52
110.65
112.04
113.23
111.89
113.89
113.53
112.98
110.73
112.64
112.71
112.05
111.23
109.69
110.9
109.22
109.04
110
111.45
113.24
113.44
112
114.57
115.37
116.69
118.19
117.88
117.62
115.55
115.8
117.35
116
115.95
115.13
114.52
116.63
116.67
116.86
116.78
116.25
116.51
117.3
117.71
117.8
119.03
118.36
116.4
115.69
116.3
117.77
118.3
118.62
118.05
117.81
118.03
119.6
115.78
114.8
112.28
113.37
114.68
112.95
112.81
113.73
114.8
114.12
116.12
113.65
114.59
113.4
113.17
111.08
106.11
100.2542
101.45
105.27
103.44
103.6
104.79
102.22
103.42
102.22
104.05
101.97
103.83
107.37
107.5
105.18
105.83
106.63
108.16
109.7
108.86
109.39
106.99
108.47
108.18
105.77
104.53
106.31
107.14
108.84
111.05
111.65
111.56
109.6
110.09
108.1
104.69
104.9
101.13
100.05
97.59
98.31
99.92
97.67
102.93
101.83
101.63
101.1
103.4
101.22
106.1
106.91
104.52
104.98
106.1
105.65
107.11
109.08
107.93
105.02
103.59
102.34
103.27
105.14
106.53
108.42
106.13
106.16
105
107.85
106.93
108.07
110.08
114.38
116.46
115.24
113.86
114.23
115.71
115.39
112.52
113.94
114.01
116.49
117.07
115.91
115.2301
115.55
118.41
116.94
118.33
119.06
117.97
116.91
115.52
114.57
115.14
116.49
114.81
116.02
115.76
116.31
116.27
116.77
118.78
116
117.28
117.17
120.47
123.08
124.4
124.35
123.67
123.6
124.19
123.08
121.69
122.85
120.7
123.61
123.18
122.03
122.82
124.14
124.92
124.06
125.24
126.58
127.52
128.46
127.82
126.49
125.18
123.62
124.7
124.2
127.32
129.54
129.71
129.43
127.36
127.84
127.55
128.47
124.94
125.86
125.94
123.25
123.85
126.15
126.71
125.1
124.16
125.02
122.74
123.46
123.46
124.58
121.13
120.05
118.53
119.27
119.1
119.54
121.5
123.88
120.4
123.18
122.12
121.54
123.2
125.94
126.52
129.89
128.66
130
129.52
130
128.53
126.25
127.66
128.86
127.98
126.64
127.56
128.87
129.16
129.05
128.81
126.6
125.22
125.8
126.94
126.36
124.59
122.56
122.51
122.99
124.93
122.86
122.5
123.38
124.58
121.73
118.41
118.34
115
114.33
117.29
115.04
118.04
119.2
118.97
115.19
116.05
111.47
115.12
118.85
116.21
115.36
116.46
120.11
119.42
114.46
116.96
110.13
104.74
103.44
100.62
95.65
90.55
89
87.75
92.21
93.6
88.29
91.52
90.78
92.51
88.86
83.6
84.35
82.07
79.66
87.28
88.2
90.69
92.97
92.68
93.4
89.94
85.15
86.27
83.87
82.74
79.74
84.21
80.33
77.48
80.08
75.97
71.74
74.88
79.89
80.65
81.67
81.6
76.9
79.84
80.67
77.44
80.59
84.86
82.69
82.86
80.58
82.2
82.77
86.4
85.84
84
83.52
81.99
80.6
80.52
81.33
81.25
83.55
84.16
87.37
86.82
89.23
87.79
87.18
84.7
85.71
85.34
83.19
84.12
84.92
81.98
91.42
90.07
89.49
91.6
91.66
94.82
92.51
91.65
90.93
93.48
92.83
92.41
96.14
96.82
93.27
95.16
95.07
93.84
90.67
91.51
88.93
88.79
84.37
86.4
85.9
88.97
92.03
89.05
87.77
89.49
87.48
85.81
83.48
87.25
88.62
90.4
90.36
91.22
92.91
91.95
92.66
92.51
98.71
98.36
97.95
98.78
94.15
94.52
96.89
97.61
100.82
102.22
101.56
98.75
101.19
101.7
99.95
99.27
98.85
101.43
101.27
100.43
102.31
102.55
101.42
100.08
99.95
101.94
104.04
103.21
104.61
106.19
105.85
104.62
102.59
101.49
102.9
103.94
102.26
101.05
101.37
104.58
105.51
104.05
102.82
101.89
105.02
102.93
104.69
106.28
108.37
106.83
106.49
106.33
107.24
107.49
108.14
108.35
109.4
108.21
107.62
107.32
107
106.33
105.89
104.52
104.44
104.15
106.06
105.68
105.83
104.42
104.84
101.73
101.65
100.19
100.68
102.08
100.83
103.62
103.25
107.22
110.64
115.42
116.44
117.04
115.57
117.06
117.64
117.63
117.28
117.26
117.86
117.93
119.92
119.6
118.47
117.38
119.33
118.7
117.79
119.29
119.58
118.57
116.86
117.63
118.57
118.95
119.9
119.32
118.83
119.47
119.43
118.22
118.05
116.69
116.09
116.33
117.46
117.16
116.76
117.67
118.05
118.88
119.35
121.82
121.88
122.11
121.57
121.61
120.82
120.94
121.08
119.33
118.81
119.61
117.9
119.02
119.75
121.35
122.78
122.29
125.93
127.04
127.02
128.35
127.98
121.64
123.06
122.82
120.87
122.69
120.36
120.11
120.65
121.5
122.87
120.61
120.56
121.16
121.29
123.1
123.49
126
126.91
127.19
126.26
127.03
128.21
128.63
128.15
127.54
126.96
128.2
127.93
127.28
125.7
126.35
127.94
127.21
127.55
127.25
127.04
126.8
128.39
129.34
129.68
129.93
128.49
128.71
127.4
127.91
128.65
129.93
130
130.57
132.31
131.85
132.57
130.9
132.45
130.85
130
129.55
130.85
129.48
130.51
130.23
132.31
131.78
134.14
130.25
129
125.5
126.12
125.75
126.33
123.75
122.39
124.67
125.53
125.66
123
123.52
121.88
123.21
122.81
123.73
124
125.23
126.33
127.81
127.19
126.85
126.46
127.59
127.07
127.16
128.57
127.42
126.88
126.72
127.25
126.41
125.55
125.62
127.6
127.94
127.83
128.67
127.76
128.38
127.71
127.98
129.37
128.53
129.24
129.26
128.59
128.77
128.25
128.25
129.35
128.93
128.48
127.61
128.76
128.36
129.03
131.25
130.89
130.63
132.23
129.69
128.99
129.13
129.99
130.73
128.82
130.1
130.46
129
129.6
128.12
127.46
123.92
122.1
126.27
126.89
132.68
131.48
131.19
130.44
129.95
128.86
123.8
125.42
124.45
124.52
123.23
126.39
125.26
124.34
127.41
127.96
125.28
124.13
123.72
123.9
127.68
128.45
128.5
129.79
130.35
130.98
130.15
130.65
129.3
130.11
128.19
127.12
128.98
125.09
123.48
122.57
121.86
123.46
127
127.97
127.96
128.67
130.48
130.72
130.72
128.03
129.79
126.55
125.27
127.47
128.38
128.41
128.63
128.43
128.02
128.4
130.76
130.37
131.27
131.83
130.14
132
131.84
129.83
128.3
127.87
127.77
128.45
129.3925
128.9
127.5
126.47
124.9
125.27
122.78
124.73
123.4
123.13
125.77
125.04
127.58
125.95
126.08
126.36
127.99
129.61
128.85
129.43
129.67
130.19
131.79
131.98
132.57
131.67
134.11
134.65
134.89
135.48
134.14
135.64
135.25
137.66
137.84
138.72
138.85
139.66
139.85
140.37
141.5
141.06
142.83
138.03
139.07
139.83
139.67
139.84
140.67
141.43
140.9
143.6
143.32
143.84
144.17
146.79
146.92
146.46
146.14
146.55
145.43
143.74
143.64
142.24
141.95
144.36
145.05
145.39
143.18
145.81
144.11
142.89
141.46
144.41
145.18
145.38
144.99
144.02
144.98
144.3
144.82
144.28
145.82
144.72
144.55
145
144.51
145.74
145.95
145.89
145.34
145.71
146.52
146.67
146.76
147.48
147.64
147.05
148.66
147.93
147.64
147.28
149.1
148.82
150
150.65
155.69
155.8
155.5
159.63
161.44
161.04
161.07
159.21
162
163.56
163.3
163.53
164
164.82
166.05
164.65
164.09
163.85
163.22
162.84
163.4
164.24
164.84
161.95
160.18
160.77
162.28
161.88
159.97
160.16
163.48
161.83
159.93
162.28
165.86
162.02
162.43
161.39
159.02
153
154.18
155.89
157.68
158
159.53
160.04
162.18
161.37
162.88
163.6
163.07
164.27
164.25
163.99
164.04
164.38
164.05
163.95
163.25
163.95
164.97
166.21
165.94
165.4
164.75
168.28
167.67
168.49
170.37
170.78
170.58
172.15
172.87
170.62
168.46
168.89
169.1
170.38
169.5
172.24
169.92
168.86
170.5
170.44
170.59
170.16
168.26
167.99
167.75
167.18
167.5
168.93
166.56
166.09
165.05
164.75
163.69
164.34
164.84
163.18
163.17
164.12
162.33
162.67
164.44
165.02
166.22
165.68
166.12
165.07
167.62
170.01
170.54
171.55
174.54
175.43
177.71
176.48
176.49
174.99
174.05
174.32
174.23
175.54
175.28
185.21
183.65
184.9
185.18
183.7
182.93
181.35
181.8
181.85
180.75
178.05
178.83
171.48
172.98
166.22
170.61
162.54
166.73
168.2
172.99
171.24
171.48
163.83
157.54
158.98
164.32
166.76
165.58
169.14
172.62
172.51
171.91
170.33
166.98
165.11
167.31
165.25
161.37
162.42
163.43
167.24
170.09
172.99
173.13
174.72
173.02
168.62
169.34
174.51
177.71
177.55
179.17
174.87
173.29
174.74
176.85
181.69
182.39
186.62
185
186.12
186.82
190.53
186.59
178.9
177.39
177.25
181.63
182.25
180.36
181.97
185.88
187.45
184.63
181.35
183.92
187.3
186.38
187.32
187.25
182.24
183.35
187.38
187.35
188.75
186.62
185.73
185.24
181.48
181.31
177.95
177.06
182.21
180.94
188
189.45
189.66
190.84
192.94
194.05
191.58
194.56
192.18
191.15
188.72
187.48
183.57
182.89
187.24
181.47
182.04
184.75
184.95
183.99
186.18
183.88
186.3
185.54
184.66
182.54
181.59
181.31
182.32
180.55
179.16
180
181.07
180.52
188.52
189.98
191.93
191.73
190.98
190.46
192.5
192.6
192.62
191.53
193.64
192.82
193.35
192.95
193.13
192.42
192.62
192.22
192.25
193.02
193.42
193.39
193.87
197.61
197.76
197.53
197.98
196.73
197.53
198.81
200.66
197.26
197.77
199.81
200.62
201
203.78
204.72
206
206.01
205.72
204.25
204.69
205.49
205.48
207.77
207.18
207.29
208.27
208.65
209.47
209.5
206.05
205.47
204.94
202.33
202.58
205.32
202.8
202.72
207.45
200.13
199.51
199.6
198.62
200
203.57
205.58
206.81
207.08
208
208.06
207.24
204.99
203.75
201.48
201.23
200.6
201.17
199.44
199.04
199.73
197.89
195.88
197.76
196.82
196.12
196.09
194.3
196.46
194.53
192.9
189.08
188.54
189.2
193.99
194.44
195.14
192.51
194.55
193.1
195.1
199.1
198.29
198.93
198.78
193.39
193.7
192.86
191.95
193
191.4
195.58
195.83
195.93
195.29
191.41
189.67
186.26
185.25
183.09
186.01
184.79
183.65
188.25
195.34
192.45
190.83
190.34
191.08
193.95
196.39
196.68
195.98
195.18
194.45
198.52
198.76
199.93
199.03
198.42
199.29
199.01
198.29
198.4
200.84
201.22
200.5
198.65
197.25
195.7
197.77
195.69
194.87
195.08
193.37
194.85
194.54
195.04
199.1
199.5
200.95
203.27
203.77
206.36
206.81
207.15
207.07
206.43
206.18
205.98
205.29
204.98
204
205.91
207.45
210.47
209.84
210.51
210.39
210.59
209.82
207.99
205.82
205.76
207.8
208.93
211
200.63
194.96
193.36
194.4
191.25
190.72
191.6
193.27
194.53
197.15
193.43
194.14
195.07
191.16
190.1
189.64
189.25
188.32
185.51
185.85
186.94
190.35
189.2
190.29
193.49
192.88
191.23
191.98
191.53
190.07
189.48
189.36
188.65
189.7
191.95
192.62
194.2
192.95
191.99
191.76
193.62
195.69
195.08
194.77
193.42
192.4
191.95
192.71
189.83
191.55
196.35
195.27
193.99
193.14
192.87
192.32
192.88
194.45
192.62
192.5
192.59
193.65
194.47
196.08
204.72
204.42
204.97
204.93
203.9
203.52
203.07
205.18
203.79
202.79
201.02
199.74
201.68
200.16
200.04
200.09
199.65
200.98
200.32
199.31
198.33
201.09
197.51
199.14
202.33
200.83
202.91
205.19
206.53
208.38
209.42
210.38
210.08
210.55
212.06
215.8
214.92
213.21
213.44
215.06
212.26
212.08
210.74
212.36
210.89
213.3
212.38
214.36
212.66
211.31
209.41
209.32
209.22
212
212.92
211.38
209.26
212
209.67
207.15
190
187.83
191.61
191.71
193.95
194.31
199.15
202.54
199.63
202.39
204.51
202.78
203.63
204.82
203.24
204.47
202.47
203.21
203.32
204.69
208.44
207.6
208.65
206.99
206.16
205.72
207.78
207.92
209.36
208.02
208.95
206.19
202.74
203.8
206.35
205.02
203.98
201.2
203.77
202.2
203.04
204.87
201.94
197.35
195.46
193.54
194.98
194.86
195.65
191.11
191.28
191.5
193.25
194.93
194.98
191.3
192.25
192.8
192.07
194
193.85
194.55
197.99
193.54
194.09
194.98
196.61
197.22
197.35
196.21
196.01
195.04
195.81
195.16
195.5
190.99
188.56
187.93
187.82
189.09
188.42
187.53
185.79
185.34
184.23
184.56
184.86
185.19
185.42
184.74
182.74
182.16
182.64
182.27
183.96
183.13
184.15
183.03
184.98
186.6
190.7
190.73
192.17
193.15
192.16
194.42
193.39
190.02
190.99
189.97
189.47
190.22
186.92
185.18
186.38
184.96
183.86
184.1
182.01
178.72
181.32
184.77
186.16
186.97
184.66
186.73
174.83
173.78
172.86
174.97
175.77
177.8
176.85
177.35
182.12
180.15
179.21
179.23
180.27
177.85
179.19
180
179.99
182.88
183.07
183.55
182.21
183.19
184.47
185.25
185.19
184.13
181.3
178.94
177.31
178.97
179.68
177.48
176.08
175.74
176.08
177.67
177.46
177.12
175.2
173.37
172.8
177.85
175.76
178.7
180.22
180.02
182.23
183.22
185.35
185.08
186.41
187.57
185.53
186.64
186
189.71
187.97
187.38
187.26
184.16
185.92
187.74
188.76
190.09
188.43
182.25
182.73
179.64
177.9
176.85
176.4
177.36
176.68
172.9
172.84
174.24
174.67
177.25
177.14
179.7
180.24
181.84
183.69
183.19
182.95
184.26
182.79
183.45
183.23
184.06
185.27
185.17
184.26
186.44
187.14
187.64
187.68
186.39
186.76
186.22
183.9
182.21
185.81
186.81
184.71
187.9
186.67
188.25
195.04
192.62
189.83
190.45
192.49
194.5
193.55
192.69
191.77
194.52
193.29
196.64
195.68
195.19
197.77
197.02
196.4
190.01
192.27
192.15
191.73
190.22
189.63
193.14
195.11
196.47
193.53
191.44
191.26
190.03
189.3
188.91
190.08
192.57
192.19
188.72
186.46
187.06
187
184.89
186.39
185.68
185.94
184.78
183.08
183.76
184.36
185.69
184.37
184.51
185.98
186.37
186.22
184.29
182.25
181.22
182.56
182.35
182.26
183.6
182.82
181.55
182.14
180.88
180.72
180.37
181.71
181.27
186.35
188.39
188.53
188.04
187.22
188.42
187.7
188
189.86
188.49
192.36
192.49
192.5
190.85
194.09
193.63
195.24
194.4
195.78
194.57
194
191.67
189.15
189.64
187.1
185.97
184.3
186.63
187.47
187.34
187.95
187.88
187.38
189.36
190.07
190.1
191.23
190.41
191.16
192.99
192.25
192
192.3
191.56
191.95
190.68
191.2
190.14
189.99
191.54
191.72
191.28
191.81
192.96
192.8
193.75
194
193.11
191.62
192.31
189.01
190.06
189.64
189.83
187.17
186.91
188.67
189.04
185.71
189.36
186.42
185.93
183.52
183.8
181.75
179.84
182.05
169.1
163.23
161.79
162.18
162.08
161.87
163.6
163.46
164.35
164.4
164.36
162.65
161.82
161.46
162.07
163.49
163.3
161.92
162.79
164.16
164.16
161.89
161.43
160.64
160.92
162.15
161.76
161.95
162.17
161.54
162.67
164.52
164.05
163.27
161.86
162.99
160.51
161.07
155.38
153.06
151.41
151.93
157.68
158.51
161.44
162.24
161.82
162.34
160.51
160.05
160.44
162.06
159.51
156.07
155.05
158.42
159.11
156.44
156.81
155.8
154.57
157.14
156.95
152.09
155.39
155.87
156.36
153.67
151.55
155.48
153.31
154.66
158.47
156.96
157.91
156.72
155.75
158.56
158.2
158.52
160.4
160.96
162.19
163.89
163.65
162.91
164.83
162.81
160.87
161.94
160.48
161.03
159.42
161.18
158.5
160.77
157.81
156.8
157.98
154.28
157.08
156.96
159.81
159.81
162.88
164.63
163
159.2
160.59
160.4
162.67
160.5
159.18
160.45
162.04
162.07
161.85
162.34
162.86
162.38
162.3
164.13
163.13
160.67
166.16
164.26
165.36
170.24
169.78
170.73
173.92
174.4
171.29
173.67
173.97
173.08
170.05
170.99
172.68
171.12
170.55
172.28
174.05
173.26
173.06
173.48
173.76
173.34
172.22
170.13
172
171.71
169.65
170.18
169.65
169.92
168.38
167.4
165.34
165.68
168.92
168.78
166.99
166.26
166.84
167.17
168.25
166.99
167.73
168.62
166.97
166.08
165.46
162.97
162.66
164.49
165.09
164.73
165
163.16
163.85
166.95
169.38
168.61
168.53
171
172.51
173.22
163.07
160.35
161.73
159.75
159.07
160.05
161.09
160.96
161.99
158.71
157.6
157.9
156.32
155.12
156.75
155.51
156.16
155.07
155.75
156.31
156.01
153.94
152.66
148.85
143.47
140.96
146.7
148.54
147.98
147.89
142.68
145.05
146.78
143.7
147.23
145.05
146.2
147.37
145.65
147.53
148.41
148.14
144.51
146.48
144.43
143.66
144.41
145.42
142.52
142.47
144.97
143.59
144.58
149.04
148.78
150.09
152.28
152.39
151.14
149.62
150.01
150.09
150.39
149.22
140.64
140.92
144.09
144.68
143.66
137.86
140.83
140.55
140.08
140.37
141.88
141.63
139.89
138.25
135.31
135.47
135.02
133.04
131.75
133.71
133.82
135.82
136.74
138.5
138.46
138.6
138
138.46
139.42
141.28
139.7
138.92
140.43
139.55
138.05
136.61
136.78
134.57
135.93
137.79
139.29
136.75
134.9
135.5
137.93
138.54
138.25
137.61
139.78
139.34
137.62
135.95
135.85
135.17
132.86
131.63
133.23
132.9
131.17
132.91
130.03
128.11
121.86
122.91
122.5
122.08
122.59
120.96
122.22
124.79
124.83
122.94
124.72
127.65
128.57
126.98
124.07
120.19
117.85
121.04
122.74
126.1
132.45
133.08
133.77
132.4
132.8
134.5
132.03
131.03
134.37
136.3
137.8
137.8
140.15
139.07
140.41
140.19
142.36
142.78
142.96
144.79
147.04
147.09
148.63
148.1
145.4
147.95
148.4
149.33
148.41
151.45
152.52
152.07
150
150.02
148.25
149.35
149.25
149.63
151.23
151.16
151.72
152.53
144
146.11
149.3
148.5
148.81
149.08
150.47
147.07
145.94
145.27
144.13
144.25
146.47
147.29
147.34
149.97
148.95
148.84
147.72
149.46
148
147.34
144.93
147.25
146.77
148.31
151.69
152.44
152.84
153.74
152.51
153.5
152.89
152.73
153.33
154
153.42
152.37
151.28
151.06
150.68
151.06
151.99
153.61
154.05
152.92
155.35
146.59
143.5
145.7
148.46
151.78
152.35
151.68
152.37
152.6
154.46
155.33
157.04
158.02
160.28
159.78
159.86
159.58
161.36
160.45
162.07
162.65
162.12
161.83
161.37
160.62
161.45
160.58
160.67
161.55
163.5
162.04
161.77
162.08
163.53
161.95
161.88
160.7
160.44
161.36
160.04
160
160.26
159.05
158.63
158.32
159.72
159.4
158.88
159.54
159.55
160.35
161.64
159
155.69
158.29
155.81
154.05
155.66
153.84
154.87
154.45
155.53
156.11
154.98
153.98
156.77
158.29
158.11
158.85
157.61
156.46
157.08
156.88
155.67
157.02
154.79
154.29
153.72
154.45
154.77
150.72
151.26
151.52
149.63
150.57
150.88
151.81
153.35
152.61
153.69
152.79
151.95
152.37
152.43
155.72
155.17
154.81
160.22
161.27
158.21
158.67
159.29
159.8
160.39
162.77
162.67
161.98
163.14
164.52
163.53
162.22
159.82
160.02
159.84
160.35
164.79
165.36
166.52
165.5
168.29
168.51
168.02
166.73
166.68
167.6
167.33
167.06
166.71
167.14
166.19
166.6
165.99
167.19
169.26
168.7
169.53
167.65
165.52
167.75
167.95
167.34
167.89
166.8
166.81
170.55
171.03
175.9
178.29
178.66
177.3
175.8
174.52
174.29
174.58
175.82
175.86
178.46
176.17
