7448
7811
19889
10264
18745
11824
9328
5420
4204
10606
4169
10001
5238
4186
3752
4899
10655
4220
8086
5346
4059
3464
4126
9209
3427
8839
5883
4160
4499
4913
10808
4143
11726
6296
5314
4677
7210
14958
5565
15489
9068
6949
7087
5871
18377
9037
19629
9128
5817
5988
5291
17663
9233
19518
9640
6505
6096
5996
18489
10701
20333
9920
6226
6271
5820
17348
10229
20511
9413
6450
6188
6423
19885
12887
23253
11114
8184
7872
8563
24892
16227
26183
12916
10827
16034
16554
22676
18818
34354
29553
16602
13389
9695
28911
27446
34569
18351
12961
11480
9925
27885
28940
29722
14529
11856
10201
7862
22746
27541
26719
14127
12019
12075
8682
24997
28909
30442
15303
15436
17110
12715
22415
32959
40889
21187
15692
18252
14172
32519
43179
42614
22925
19721
21335
14819
35533
43410
39672
27019
22879
23759
16474
38181
48032
44511
25769
23161
27828
19685
42813
56714
50593
28246
23035
26023
17801
35306
48107
41770
25050
23940
25862
17679
38265
51826
45986
27682
24385
27554
19228
40205
52414
46038
28259
27000
30403
21085
39305
54899
50988
32116
28528
30775
18967
36416
48384
43328
27481
27333
27547
19663
35970
50170
45820
29447
28724
31272
20452
40513
53354
48822
30994
28905
32965
24156
41302
57455
53104
32233
32604
35838
23799
45226
56303
50772
32869
29836
34323
22745
45724
57865
54705
35122
31601
39120
28354
48937
62121
58265
36764
33156
38189
25732
44360
58749
56061
34999
33598
37599
26340
47170
61712
55461
33100
30392
30022
21566
40715
55184
48698
30518
28502
30525
22004
41068
56890
54740
30704
28063
29421
20177
40894
54371
48680
29105
26458
27653
19895
40313
55356
47974
29580
27441
27046
19153
39582
52351
48934
27945
22436
25037
17239
36035
50330
48875
27930
22211
24648
17572
40132
48831
50356
25611
18766
21453
14655
34004
45091
40215
23691
18124
21626
13600
41161
30125
35043
13826
8245
7559
7398
17303
12258
18835
9246
7737
7502
6625
16563
11137
17150
8660
7065
7640
6883
13593
9852
15713
8050
7179
6064
6013
13341
9204
15133
6895
5982
6077
6808
17159
7970
9565
11888
8273
5559
5927
9800
5788
9326
6743
6312
6604
7698
12440
9775
10974
10076
11549
8604
3806
8997
6753
11746
7773
7844
5619
8879
19384
14302
22709
10257
10293
8014
5445
11428
6058
12843
5572
4837
4362
4557
10896
5589
10013
5424
5563
3912
4785
10027
5064
10949
5878
5314
5351
4670
11865
5416
14341
6878
6188
3959
5506
14408
6152
17042
8111
6350
5898
6571
18518
11250
20366
9506
7732
6636
8396
20686
12751
21806
10815
8933
8452
7270
21871
12892
24977
10343
8607
6949
6776
19028
12382
23526
9658
8280
6911
7549
20105
12410
24374
10689
9639
6951
6635
21014
13868
28152
12171
9722
8103
7858
23882
16637
29488
13509
11566
8388
9812
22051
19304
28363
13055
14815
19997
19561
25049
31571
41224
31345
21652
17780
17252
31291
40880
44016
21427
17807
14893
10907
25330
33936
33191
15981
18731
22675
16116
26153
36052
43425
20560
18629
15398
11431
28753
42549
37414
18904
20581
18024
15801
30712
49279
41775
23145
21967
21678
19502
35931
55977
53572
27724
25488
26211
20608
27850
61287
55643
30389
28492
27863
20535
38734
54878
50949
27230
25359
26286
21458
38213
57386
54252
30310
27844
27584
21776
35309
55419
49427
29826
26179
29161
24072
36665
59266
54726
31814
29838
28284
21149
31086
52131
46277
27734
26918
27844
23017
36473
57767
51607
31199
29685
31537
24748
36061
59220
51582
31940
28550
30346
24502
38295
59342
54173
32980
30971
35996
26501
43599
63897
57460
33207
32872
35739
25980
43592
63862
59493
35685
35670
36935
28653
45863
65242
62790
37355
35133
38606
27791
41923
64339
60280
35552
35652
39581
28648
46497
67355
62634
38248
36536
35095
23790
38397
60292
53901
32185
32261
30767
25845
42648
60391
60953
34803
31310
30525
23663
39597
61301
54165
30919
29272
29381
22936
41123
60719
55797
31750
28663
28341
22866
38163
58923
53199
28431
25718
25567
23146
39473
60173
52158
34250
27739
26388
22411
40644
58072
52127
26178
21935
22373
19659
33191
47825
48447
26702
20256
23602
19219
35981
51196
39390
14689
8975
14884
8892
21812
15275
20931
11254
9411
12556
8116
15617
11621
17521
10650
7905
11622
7448
15931
9748
16340
10344
7779
10721
7075
14172
9313
12949
9530
6824
10864
7886
18642
10998
9933
6934
12499
10869
5666
10455
6404
9619
7102
6671
11392
7554
14058
9637
10368
9317
10503
17433
9037
4794
7348
11076
8830
7326
13190
6146
14443
15564
25272
12584
9236
14540
7477
14212
8492
16621
8478
5804
10682
5078
11553
6255
9732
6745
6159
9874
5444
11469
5393
12046
7395
6027
10730
5918
13835
6956
14209
8326
6166
10340
5952
15919
7564
16844
9444
6996
13750
7463
20944
10913
20037
11871
9770
16034
8074
23038
15791
24263
11810
8779
15159
9759
22854
15516
23882
11555
9064
14030
8343
20338
13979
22608
11635
9211
15812
8342
21062
15088
23982
13053
10519
16285
9613
23437
17462
28835
15337
10707
17928
10971
28596
21565
31012
17783
13614
21847
17536
24535
23467
38274
33356
20695
20367
15892
33954
34179
43803
22901
17225
17717
13410
30001
34738
35663
17972
13977
16808
12263
29023
34162
36430
18655
17727
17684
13679
30971
37988
36941
19169
17403
17512
13527
26025
44170
39773
21164
21890
23283
19119
35954
58468
49695
31687
27635
30380
22292
38568
54906
48421
34222
30507
29973
24013
41722
60778
51646
30596
28508
29328
25806
44918
62582
54458
32472
29804
27913
23020
37988
58092
50070
30802
28726
29087
24836
41242
62149
50137
31889
31308
29647
23857
39804
60503
54557
35072
33460
34022
27128
43385
60325
52876
32209
30184
31467
26174
41703
61847
51102
32172
32738
34844
27973
41489
61811
51408
31864
30569
31652
25997
42677
63714
54779
34633
34548
38201
30866
49615
65788
57764
35020
32588
35606
27104
45167
65688
58746
38049
34033
39116
30777
49662
68777
62445
40429
35930
40589
28708
47836
66268
60050
38551
36261
40577
31707
50036
68078
61467
41435
37332
38708
27471
42799
65130
53925
36353
31705
33177
27804
47426
63726
59153
35722
30959
32953
26415
44144
64932
56437
32336
31304
31821
26193
42945
63470
56851
33103
31838
32140
26749
44747
64086
54284
31945
27267
27779
24267
44362
62123
51474
30228
35925
32559
25762
45933
62829
55728
30465
24315
23330
19948
35250
54061
47411
30064
23184
25932
24051
43217
58042
49561
28366
11680
21835
8539
28516
19053
25860
13187
9048
17590
7695
22008
10126
16282
11422
8248
15331
7086
20943
8871
16759
10971
7967
15191
7158
17919
7863
14117
9321
7593
13060
8390
22907
13900
10502
7912
7046
17674
8316
14412
5060
8894
8225
7006
12456
6234
15065
7386
10095
9271
9320
17611
14374
14783
2542
7173
8879
6970
12690
8012
11190
5262
29004
15599
10499
17467
6226
20213
7398
19530
9442
5862
12048
4926
13722
4737
9722
6794
5591
12556
6066
12080
4167
10621
6620
6040
10519
5479
15061
5077
12622
7418
5916
10665
5394
16481
6226
15914
9023
7257
12955
6683
20466
7735
19068
9744
7759
15421
6567
22191
9965
21367
11739
7996
16242
7578
25482
14363
24912
13219
11202
19514
7937
23725
11466
21829
13680
11779
21211
9315
26705
14341
27493
14068
9035
20056
9551
28138
14675
27906
15007
9347
18895
9183
29549
14887
30197
15326
10044
20887
9956
33348
16615
31100
14735
9918
20568
9288
27432
20858
32787
16654
12306
16959
12932
29124
30930
34236
18681
17198
24259
22187
32061
37409
44402
36813
27462
27978
19714
41691
48912
47071
33570
28580
25020
16279
29431
41511
38610
21495
22401
22464
18315
31099
48746
42697
25065
26809
22594
21556
31347
56018
44858
24711
26561
23704
22963
34333
60147
49729
26683
27022
26561
23128
39459
63972
59570
28806
28169
26459
24111
38487
61876
52435
35562
31729
28612
24651
38171
55656
56160
30944
29474
29918
28400
43711
66323
57483
32980
33474
31299
26158
41474
63069
52561
29559
29544
26989
23257
37945
59399
50297
31868
31842
31409
27318
43230
67072
56465
32928
32804
32569
27400
42252
65225
55656
33839
34639
36534
28896
48056
68694
63459
35396
34968
36826
29323
47419
71954
61123
36154
35675
39509
32922
51422
74288
62513
38750
39627
44868
31445
48284
71707
63273
38659
37170
39784
31450
46332
70626
61397
36418
36388
41566
31676
45690
68194
61000
33464
32034
31567
25931
43586
68113
57398
35291
33511
31287
27071
43751
68807
57539
31213
30463
31710
25206
42747
67868
55585
33744
32569
30323
24202
47436
69216
59913
31676
30497
29503
24230
41150
64378
52622
29737
29121
35537
27098
43132
64024
62562
31592
25818
22657
19064
30702
47226
52409
24835
20687
23227
20625
35985
56770
50250
26007
22131
28192
8604
33800
23617
26864
14098
9106
17609
8004
23417
10284
16628
10853
7710
15559
7154
22668
9362
14167
9953
7323
14852
7853
21544
8553
13224
10181
7130
14162
7217
19070
7159
10650
8674
13185
19048
6268
12418
5541
17418
10119
6973
12566
7518
16698
6990
9241
8397
7927
16641
12732
23220
12595
7451
3926
8267
14133
6916
18526
9367
8974
14690
11509
21264
7693
24619
10134
17256
8917
6121
14218
5789
16005
4894
9735
6229
5556
11102
6427
14518
5489
10351
6590
5910
11721
6540
15907
5487
12143
6693
5787
12567
6454
18073
5805
14818
7539
6530
14258
7483
23125
8437
17875
9504
7418
16998
7673
26670
11079
20557
10790
7506
18947
8669
26513
14322
23498
13265
11399
26322
11148
28564
14670
25397
12621
8054
19121
9139
26903
13950
23431
12395
8534
20590
9561
30050
15003
24391
14641
8845
20751
9756
30234
15487
26839
14315
8999
23641
10842
33694
18166
28648
16767
10375
15006
11303
28157
24572
29768
19390
14086
26506
21051
29383
34620
40370
37740
24046
25532
16303
36916
42172
41165
24864
18740
19912
14020
30992
40133
31643
22033
27594
26274
16362
29605
44765
38451
21689
23107
20586
15107
29271
49590
37731
22614
26888
21148
20325
32871
60294
42289
26930
26367
23715
21233
37861
67953
51333
32369
30057
26195
22597
38007
66878
49738
35695
32304
25861
22169
38211
65515
49893
29855
29213
25939
24020
41281
68724
53194
32612
30977
26531
24048
39259
67183
49522
33898
30360
28439
26363
38775
61998
51872
40137
30494
27333
22265
38361
66239
51346
34864
31243
30768
25847
40590
69331
52638
36155
32041
33857
26842
43814
70609
53433
36089
32115
35533
28218
45170
74002
58285
38488
35536
38885
29216
47768
73144
59111
37067
34787
39263
29951
48998
77675
60088
39766
40230
45066
34253
51177
77148
62739
40362
38448
39575
30563
44572
74186
57398
39561
38396
41116
32061
48466
76351
59910
38218
35274
31695
25492
43587
70826
53165
35069
34190
33490
25995
44464
71913
55504
35470
31183
30110
24470
43320
69615
54347
35754
32497
31282
25014
44052
72273
52522
32703
28604
28238
22633
40708
66697
48115
30444
28464
28047
27635
39846
62462
52114
31878
24809
24382
21075
36875
57943
43536
23643
19471
17483
18529
29501
52238
36559
21797
20178
21742
11816
27318
27080
28951
14364
8358
19731
8632
20510
11129
14757
9444
6665
15929
7282
19494
9864
13070
8722
6166
15905
7349
19807
8561
12745
8606
6011
14754
7194
16429
8401
10489
6854
6881
17976
9329
11225
5632
15611
8252
5746
11622
6897
14547
7355
8512
7489
6727
15002
11242
22637
13026
13611
6898
2888
14078
7120
14340
8803
10262
5570
6512
21866
7107
20480
10526
16887
9723
5661
13249
6104
13443
4912
9038
5372
4336
10077
6078
13454
6776
10239
5429
4377
10624
6358
13514
5320
10358
5918
5286
12001
6417
14253
5864
11935
6677
5008
13424
7050
18275
8417
15131
9100
7365
18324
8111
23105
12050
20930
10312
6894
18362
7993
23185
12516
21870
10370
8421
20942
13036
24769
10973
21231
10694
7329
19775
8982
24134
13438
21647
12045
8137
21064
9470
28301
16135
23543
12334
9935
24591
12097
28634
19385
25729
13714
13360
22508
19358
25251
22689
35059
29729
20375
21961
12833
31298
31989
36950
19278
14070
16320
11349
24997
30096
28200
16520
12744
15693
11562
22723
28780
26667
15350
12727
15330
12041
25487
32639
30277
17384
15712
19927
11706
23747
38149
36097
18257
17100
21038
16415
29125
51565
44017
20932
21949
21718
20282
29472
51035
35939
26447
27286
20991
20462
32175
58549
44684
27051
27285
25715
23316
38014
63508
47976
27702
28282
22041
20740
32019
62895
45044
26673
28511
23034
21197
33860
62380
46236
28052
30047
26360
3171
44185
66432
46767
30984
32323
26866
22910
37061
69067
51214
30564
30892
24540
22282
36388
64708
49002
30595
30990
27054
22710
38394
68448
51393
33104
33016
29179
24020
38602
69239
50558
33194
33632
32918
24728
39512
70522
54430
34756
36444
35278
26726
43684
73543
56138
35670
34926
33430
26231
46681
72959
62972
38534
39849
42396
32249
46935
77856
62067
40897
41543
37374
29820
45804
74086
61039
40616
40248
39806
31736
48461
78291
61787
36016
34013
27932
22978
37016
67544
49817
31865
32078
27640
24229
39414
72667
52025
32201
30144
27109
23205
38401
67158
50071
30753
30894
26842
22460
37895
67836
47998
29995
27967
23158
21331
35908
61984
45686
27690
25503
23540
22212
36972
60647
45752
24925
21547
20740
19376
30907
53548
38893
22928
20496
20557
19802
32555
54973
35454
20445
18690
16843
22361
27803
24594
27316
15549
10433
17509
8609
20510
11927
14424
10509
7629
13855
8193
19631
11395
12988
9836
8293
13642
8798
18411
10259
11543
9722
7830
13982
8157
17086
10142
11295
9003
7561
15437
12476
15348
6086
14070
10966
7371
13313
7654
14930
7954
9205
8280
7832
15864
11504
21581
13833
13135
11650
8627
8327
8762
14230
10256
12366
9301
6917
16195
11111
21884
13489
15997
11659
9927
16236
6761
14737
7199
10291
7137
5903
11864
7752
15768
7792
10271
7185
5816
11975
6704
13427
6363
11019
8067
7100
13745
7345
15046
6803
12822
8244
6804
14436
7859
17436
8612
16118
10362
8397
15877
9710
21301
11412
19203
10506
8790
18855
9226
23900
12901
19913
11940
9925
21303
12048
26007
13164
18920
12679
10689
22422
9835
26141
15096
22475
12266
9784
21510
9698
26034
14241
22040
13216
10517
23845
9560
28442
16662
25571
14709
11142
23427
10644
29470
17611
27142
14985
11674
23844
10524
27438
16388
23388
14146
15241
16966
12792
25353
27362
26557
16733
17454
27434
22815
27905
37093
38580
36288
27576
28727
18351
36172
44664
40998
23739
23533
24502
19597
25387
42682
47128
24519
22405
19764
16614
28936
47276
35347
20990
23362
20163
18861
29407
52407
37548
23749
26455
21934
19391
30915
56006
39078
24758
28081
25895
24025
38666
70314
52915
30871
31044
24879
22405
35772
62765
46548
32938
34289
27631
23845
37184
66660
48695
31204
32745
27930
26010
39701
71067
53246
33556
36779
30452
27788
42868
77572
55737
36385
34869
26037
24298
35307
64378
46604
31239
34260
28338
24581
37477
68623
51399
33918
36761
30152
26290
38923
69215
51059
35065
37336
33588
29717
42393
71845
57707
37424
40711
40560
32216
44944
75527
56353
38688
40520
37139
30575
45487
76384
59764
41754
46101
45793
37158
51459
83973
63932
45326
48429
44713
34418
49228
80440
61122
46088
46772
46010
35586
49942
81089
63124
44167
39652
34958
28293
42990
70352
54250
35721
38439
32351
27667
42615
72140
55088
34900
35603
29415
24302
39886
68100
50485
32153
34460
28363
25484
41415
69840
49345
31047
33984
26420
22331
37518
63544
46172
28513
28639
23583
20261
34602
57938
42460
26274
26459
23702
21552
33199
54772
39456
24014
22612
20744
19796
30754
51133
34841
23824
22158
22439
21668
33576
43520
33351
18718
16187
22680
12439
22503
16867
18014
13554
11001
18859
10709
18420
13979
15556
12017
9873
17098
10187
17336
11850
13711
11491
9130
16180
9620
15500
10445
13432
9951
7827
14048
11078
20387
10774
10497
14364
9474
13622
7760
14276
8919
10458
9280
8378
16305
11581
19075
15414
14899
12280
13985
15850
5727
14113
11135
14083
10896
10709
15248
9271
22358
17862
19857
12609
12446
21351
8555
14099
9340
12682
7537
6147
13279
6996
14563
8281
11728
8068
6147
13433
7088
13695
7131
12630
8119
7320
15154
8436
15081
9255
14406
10081
7654
15228
8815
16282
9901
16838
11068
8719
18240
10790
19562
12444
20932
13597
10285
20753
11337
22067
14671
21583
15198
13042
25464
16737
27415
19209
24488
14594
11123
22329
12752
22504
14416
21586
13755
11415
23084
13351
23604
15900
22843
14949
12245
25311
13369
23925
17302
26312
17317
12442
26547
14147
28332
20111
26153
17632
14578
27973
15267
22709
20189
24245
16386
14390
25170
23819
25244
33033
37663
36151
25968
27985
20314
30984
41208
37721
22815
19449
20678
14812
22778
32625
30253
20185
18264
22312
15935
26346
38489
31587
21396
21728
21079
15940
27046
46051
35078
21921
25144
21734
18805
28229
51418
37055
25226
26784
22896
21978
33253
60172
49126
29813
29593
26768
23543
38246
62938
46001
33506
34176
30045
25416
39729
66280
49353
31085
32426
29626
25640
40524
66411
51279
33070
34174
29855
26054
39354
65400
48216
33392
36406
32123
27740
40226
70193
54349
36804
38995
35127
28214
39158
64461
48793
32418
34474
31729
28061
41020
67348
52181
35767
38327
35951
31256
43642
69596
53825
36661
38625
36545
31141
45486
72211
56388
38950
41165
40105
34701
49956
75802
59756
39126
41577
41100
34511
50551
78512
60032
42623
45984
45551
40222
54218
82882
64294
45391
48378
47879
38672
52690
79748
62813
43326
47706
48790
38963
53852
81313
64212
45907
47893
43158
34132
49782
75184
55458
38085
38076
37438
31290
45252
70949
55423
37485
36638
35703
30741
45346
70265
50869
35176
36684
34580
30205
44263
69391
52513
35651
35326
34313
28919
43973
64610
47678
31135
30356
29934
25466
43437
60817
44119
29666
36097
30701
25322
37696
56155
44988
28713
25238
26856
23392
35957
54657
42340
28566
26749
28903
26858
37462
57155
39969
21976
19550
24414
13385
25203
19447
21167
14758
13069
21253
12696
21175
15042
16730
14594
12019
19386
11942
20838
14228
17893
13176
11090
18081
11183
19439
12542
16144
13272
10391
16741
12357
24849
20217
15020
10780
9870
23682
10961
14727
9876
13177
10275
9615
15931
10751
16954
12848
13939
12103
12164
22856
17695
17642
7126
13340
12080
10239
17760
12362
17938
12730
23495
15530
12563
19958
10287
17888
13932
19536
12162
9639
16386
9264
15686
10021
13128
10354
9220
17069
10295
15229
9371
13077
10333
9487
15298
9580
16533
10067
14769
10806
9638
15482
10353
17689
10444
14843
12021
11532
18732
12694
21102
14174
20254
13243
11848
19414
12724
22229
15762
20513
14646
13122
21138
15235
26787
19255
22955
14693
12227
20077
12922
22274
14863
21994
14928
13004
20994
13658
24325
16751
24247
16518
15151
23708
16471
23091
20163
23223
17111
17455
26441
22626
23551
24050
32301
34779
24733
24788
19454
28218
28435
32859
21890
19962
20413
16365
27029
24725
28021
20594
19665
19743
16961
25802
24576
31210
21639
19327
20605
16810
27112
28947
31310
22108
20660
23513
19425
31883
36018
29676
24089
25305
24363
19427
32230
40718
42539
28418
28084
26188
22937
33812
44615
37605
32116
34696
29453
24902
37180
53161
43527
30211
33748
32520
29351
43718
62081
48620
33217
39252
32798
26983
39261
61868
49268
31095
36408
31513
26478
40916
61992
50926
33640
39245
35010
28676
42635
63625
49977
33846
41778
37473
31483
43633
64962
53470
39574
43815
40434
34649
44497
65021
53425
35797
42050
36859
30441
42843
64716
51863
37186
43981
39052
31813
45626
68694
53509
36967
43756
42618
33436
47228
70729
55040
41123
46723
46590
36580
51960
77194
58679
41019
46445
46450
35397
50674
76684
59134
43388
51048
50484
40980
54621
81997
62669
47949
55847
54352
40188
53508
80734
63665
47782
53630
51611
40146
52982
77467
61705
45833
52546
51002
37367
47697
74382
56864
40114
45156
40070
33243
48953
71822
56037
39103
43965
39369
33493
47798
67195
55444
36447
42533
38969
31441
46994
67143
51673
36770
42368
38012
31087
47849
64981
50844
33936
36497
34003
28488
41701
57770
44536
32236
34564
33044
27867
41739
57340
47285
30752
29078
27538
25327
36512
49510
40634
28408
30192
29615
27447
41290
52292
35126
24242
25058
23650
15770
25777
21346
22387
16568
13923
18131
14249
21071
15703
18686
15819
13452
17149
13556
20473
15163
17969
14553
12791
16084
12605
19013
12889
15816
13407
11963
14995
12574
19113
17014
15277
12689
12362
15949
10769
12738
12339
17306
12735
10417
13862
12052
15536
12944
15012
13084
12818
18787
17757
23012
14085
8590
13392
12205
15242
12678
17438
12104
15199
18302
14843
17922
13371
15516
15139
20105
14085
11260
14296
10373
14668
10874
14250
9674
9390
14423
12901
16036
10092
14288
11603
9919
13789
10289
15081
10530
15711
12401
10452
14007
10824
16351
11238
16603
12292
11744
15307
13104
19119
13790
19115
13797
12911
17371
13861
19693
15162
21880
14858
14730
18429
15520
23674
20111
23426
16669
18051
20230
14194
20028
16958
22825
16061
14942
18993
14333
21405
16287
22727
16259
15966
19895
15439
23272
17601
23262
17571
16035
20914
15885
24885
19530
26368
18167
16983
22196
17322
26777
21397
28336
18921
17711
23329
19059
27787
27613
25788
20495
22381
28246
26317
29565
35753
39535
37118
32886
30120
24695
32585
39478
37012
26808
26149
25043
21586
33573
38856
31824
32723
30395
28126
22122
31775
41507
38167
28824
30927
28168
25093
35151
47203
38755
30281
34878
29182
28555
38543
52565
43729
31630
35016
32985
30581
46313
61476
51623
36250
41950
36186
31265
45803
64942
51339
36989
45654
38500
33696
46852
64194
53689
35679
43004
36536
34045
47333
66778
54961
37515
44945
39753
37534
50053
66601
56852
40695
46003
40562
37811
48821
68092
55074
38593
44843
39130
37034
48119
67743
55573
39879
47550
41541
39677
50470
69967
55722
41169
46594
44109
38696
48845
69475
58016
42404
48546
47742
41500
54468
76584
63706
46391
51576
47826
43794
53035
76783
62031
46292
52531
50227
46425
56333
77923
66273
50244
56369
54099
44626
56616
80483
67201
49118
55276
51678
47821
57058
79047
66987
48814
55477
51672
46013
52407
76333
63587
40421
47323
41128
37975
50017
70987
61027
42530
46190
41821
37574
49897
71644
57917
40361
43312
39753
36357
48761
68287
55231
39481
43119
38801
35278
49749
68233
54046
36130
37675
36174
31229
43583
59175
49458
34965
36489
40060
32699
41357
59983
53045
35157
30675
29577
27399
38266
51307
44069
31592
31035
31776
31102
41687
53689
40709
26292
28389
21107
16424
26267
24355
24516
18293
15203
17405
14418
22622
15134
18938
16861
13147
17025
14607
21579
14883
18107
15799
13246
15171
12438
20606
11476
17240
13935
11070
13528
12493
20117
12055
15782
12165
14812
20745
11481
13698
11869
21001
14004
10900
11707
10835
17395
10809
13818
10948
11894
16918
17448
23021
18691
13350
8425
13830
16021
12699
18521
14812
11682
14681
17199
18841
13071
19228
14693
19916
14731
10079
13648
9699
15390
9583
14099
9485
8924
12776
10435
15906
9440
14544
10843
9049
12664
10271
16830
9353
14479
11819
10251
13214
10502
16103
10444
15181
11430
10053
13868
11678
18398
12973
17359
13824
11149
15591
13872
20738
15148
19112
17795
14838
19464
15519
23675
19265
23054
18463
16150
25623
19280
21456
16543
23306
16828
14071
18547
14949
23568
18639
23340
17511
13786
20391
17390
26277
20484
24771
18629
14863
20785
17108
27190
21164
28541
19748
16770
24255
19570
29439
28503
25922
20718
20759
29910
27531
28831
34531
36371
37272
31527
32181
27989
33153
41000
35381
26217
22985
24100
20575
28340
32785
30824
23746
20152
25087
22846
35204
37486
30613
25100
34771
30005
25442
31904
40483
38709
27440
32674
25655
28398
37833
49927
41255
29732
35886
30008
31414
42314
58880
52174
36489
38665
30380
30952
42747
57607
46673
38108
43435
33568
34822
46277
66766
54568
38904
45218
36927
36576
49995
67031
58220
39308
43131
33836
33671
46002
64785
55430
38326
43123
37661
38860
52522
66933
56361
42450
46517
40340
39386
51611
70731
59936
43439
46675
41337
39259
50503
66886
58785
43957
48979
42853
41973
52523
73371
61881
46063
48522
44766
41304
51461
71172
61704
45045
51082
47251
44072
56547
75689
66231
48486
54318
50386
44354
56593
77411
65811
47986
52955
49812
46950
59793
80771
68777
50533
57348
52018
48614
60663
81952
69294
52101
56031
50762
47946
59353
79868
70402
51221
56038
50663
47776
59865
79488
66649
47519
51574
42619
42170
55005
73840
62705
45567
50182
41691
41104
53615
71677
61342
41932
45953
39828
40620
53971
69786
57713
42906
45812
40734
39203
52361
66547
57026
38792
42010
37121
35731
51262
64990
53671
37207
39202
34393
36870
42764
56650
50963
36901
34369
30251
32729
44932
55555
44999
32931
33957
29559
31137
41074
51297
40196
27706
31870
28433
21437
26282
29094
30239
20556
17523
17695
15788
23192
16753
21432
17302
14001
15384
14667
22128
17545
19282
15543
14783
15206
13581
20559
14366
18607
14611
12483
13919
13312
20061
14147
16500
13071
12769
19287
14832
14159
12101
20077
14614
11683
12529
11970
16788
13396
14682
13053
12599
15686
16472
22708
20310
17710
11631
8391
15353
14630
17393
16436
16491
11022
15045
19606
15402
18907
16114
18562
15617
12832
12602
10333
14658
11207
14111
10861
9460
12009
11023
16492
12501
14780
11353
9540
11588
10201
14863
10944
15219
12309
10052
12788
11913
15613
11174
15440
12947
12603
14289
12700
18090
15617
20222
14842
12876
15573
14522
19181
17198
21325
15940
13549
15936
15131
19515
17690
21541
16650
13664
17477
15917
21459
18226
21826
17234
14542
16615
15153
21397
19098
22169
18647
15739
19445
17905
24735
23437
22990
20436
19803
27654
23520
27743
26881
29482
30833
24959
25605
20842
29583
26643
28556
22440
18912
20078
18982
28387
26190
27747
22118
19696
21466
20069
28957
29504
30418
24392
21419
22664
21238
30117
35054
32629
25203
23199
24197
23336
33206
37344
35350
25624
25383
32293
28634
31313
43343
47328
33269
32388
26893
29364
39462
50582
42147
34522
37698
27759
30769
40154
53554
45564
33465
39921
32036
35949
45624
59951
49958
36248
43273
34438
36071
45477
64111
50492
33981
42688
32629
34516
45528
60815
50373
35071
43891
34480
35476
44218
60343
52639
36599
44422
36600
39057
50415
68014
57224
39732
49024
38828
41162
49110
67265
58793
42055
49557
38214
40007
47620
63494
54530
39953
49362
42398
43449
51683
67888
61111
43593
52989
44994
43780
53019
69268
60872
42513
52408
45383
44766
53344
70523
64756
44699
54623
48721
46198
55547
74172
64349
44935
55656
47709
46071
55797
76267
66499
47522
58870
51513
52784
57980
79233
68527
47851
60401
50875
49092
57159
76225
68222
47916
58783
51428
48308
57858
77543
68505
44023
52909
42192
42724
50777
68011
60100
40181
50646
41604
41799
50438
68199
61083
40951
47825
39317
41177
49562
64224
55671
39347
46617
40120
41658
49012
62828
54609
37379
43473
34888
35982
45187
57699
49153
36493
37763
34403
36490
47612
57704
47103
36509
34046
30942
33309
41729
50225
43883
32472
32424
28706
32394
39671
44307
37357
26962
27942
23740
28153
37417
37296
27408
18199
17531
15799
14194
21506
17800
18290
16106
13135
14172
13878
20483
14947
17577
13767
13203
13283
12948
18446
13079
17015
12715
10585
12391
12034
17166
11914
15635
12020
9944
11528
12753
19461
12992
12042
14169
11217
10988
10065
14580
11254
13266
10838
9845
11500
12167
18596
16060
16311
15998
17805
14995
9171
15241
13968
16516
14643
13662
12375
11680
19866
17001
19094
14815
13590
14956
10897
13352
11228
13462
10499
8064
10470
9909
14545
11203
14363
9818
7987
10507
9966
12444
9174
13927
10674
8843
11122
10260
13023
10460
13978
10208
10176
11024
11026
14693
10881
15881
12113
10728
12219
12632
17468
14057
18672
14433
11797
14234
13469
18868
15100
19612
16553
13538
17352
16630
22394
17259
21634
15591
11942
14493
14294
19980
16368
20144
16395
12742
15150
14564
20691
17307
21759
17937
13360
17325
14573
21848
18345
24206
19979
14476
18569
16742
24276
18805
24277
19631
17427
19678
17978
24328
20509
23836
20738
21782
28124
26819
29101
31825
33786
34467
31122
29815
26513
32976
34847
33179
27092
24857
22418
21582
28678
31827
30920
24534
23410
24447
27186
30091
36959
37079
31645
28955
23204
24656
32042
41965
35774
27701
31579
22229
27321
33807
44073
37460
29457
33380
26245
30955
39413
53718
44358
33375
38305
28520
34174
43411
56643
45575
37692
41515
32217
34275
41361
55623
46216
34131
39414
32287
35852
44755
59393
52021
37832
41733
34495
37762
46186
62215
51446
39356
45183
36205
39560
47168
64258
55761
41115
49635
39514
39134
44346
60216
51102
37200
44931
37603
40395
46919
63967
54423
40270
48488
43141
44583
50793
65892
56775
41784
49002
42827
45835
51299
65981
59665
42819
51519
46935
44491
56629
70851
60589
43006
50183
43929
44636
53921
68997
60407
44676
52838
49449
48879
57483
73143
61941
46994
53832
47794
47713
54125
69934
60380
43021
52326
45787
46589
52589
69837
59788
42644
